   0.00000000       100.000000       0.00000000    
   0.00000000       100.000000       0.00000000    
   9.99999978E-03   99.9990158      -9.80999991E-02
   1.99999996E-02   99.9970551     -0.196199998    
   2.99999993E-02   99.9941101     -0.294299990    
   3.99999991E-02   99.9901886     -0.392399997    
   4.99999970E-02   99.9852829     -0.490500003    
   5.99999949E-02   99.9794006     -0.588599980    
   6.99999928E-02   99.9725342     -0.686699986    
   7.99999908E-02   99.9646835     -0.784799993    
   8.99999887E-02   99.9558563     -0.882900000    
   9.99999866E-02   99.9460449     -0.981000006    
  0.109999985       99.9352570      -1.07910001    
  0.119999982       99.9234848      -1.17719996    
  0.129999980       99.9107285      -1.27529991    
  0.139999986       99.8969955      -1.37339985    
  0.149999991       99.8822784      -1.47149980    
  0.159999996       99.8665848      -1.56959975    
  0.170000002       99.8499069      -1.66769969    
  0.180000007       99.8322525      -1.76579964    
  0.190000013       99.8136139      -1.86389959    
  0.200000018       99.7939911      -1.96199954    
  0.210000023       99.7733917      -2.06009960    
  0.220000029       99.7518082      -2.15819955    
  0.230000034       99.7292480      -2.25629950    
  0.240000039       99.7057037      -2.35439944    
  0.250000030       99.6811752      -2.45249939    
  0.260000020       99.6556702      -2.55059934    
  0.270000011       99.6291809      -2.64869928    
  0.280000001       99.6017151      -2.74679923    
  0.289999992       99.5732651      -2.84489918    
  0.299999982       99.5438385      -2.94299912    
  0.309999973       99.5134277      -3.04109907    
  0.319999963       99.4820328      -3.13919902    
  0.329999954       99.4496613      -3.23729897    
  0.339999944       99.4163055      -3.33539891    
  0.349999934       99.3819733      -3.43349886    
  0.359999925       99.3466568      -3.53159881    
  0.369999915       99.3103561      -3.62969875    
  0.379999906       99.2730789      -3.72779870    
  0.389999896       99.2348175      -3.82589865    
  0.399999887       99.1955795      -3.92399859    
  0.409999877       99.1553574      -4.02209854    
  0.419999868       99.1141586      -4.12019873    
  0.429999858       99.0719757      -4.21829891    
  0.439999849       99.0288086      -4.31639910    
  0.449999839       98.9846649      -4.41449928    
  0.459999830       98.9395370      -4.51259947    
  0.469999820       98.8934326      -4.61069965    
  0.479999810       98.8463440      -4.70879984    
  0.489999801       98.7982788      -4.80690002    
  0.499999791       98.7492294      -4.90500021    
  0.509999812       98.6991959      -5.00310040    
  0.519999802       98.6481857      -5.10120058    
  0.529999793       98.5961914      -5.19930077    
  0.539999783       98.5432205      -5.29740095    
  0.549999774       98.4892654      -5.39550114    
  0.559999764       98.4343262      -5.49360132    
  0.569999754       98.3784103      -5.59170151    
  0.579999745       98.3215103      -5.68980169    
  0.589999735       98.2636337      -5.78790188    
  0.599999726       98.2047729      -5.88600206    
  0.609999716       98.1449356      -5.98410225    
  0.619999707       98.0841141      -6.08220243    
  0.629999697       98.0223083      -6.18030262    
  0.639999688       97.9595261      -6.27840281    
  0.649999678       97.8957596      -6.37650299    
  0.659999669       97.8310165      -6.47460318    
  0.669999659       97.7652893      -6.57270336    
  0.679999650       97.6985779      -6.67080355    
  0.689999640       97.6308899      -6.76890373    
  0.699999630       97.5622177      -6.86700392    
  0.709999621       97.4925690      -6.96510410    
  0.719999611       97.4219360      -7.06320429    
  0.729999602       97.3503265      -7.16130447    
  0.739999592       97.2777328      -7.25940466    
  0.749999583       97.2041550      -7.35750484    
  0.759999573       97.1296005      -7.45560503    
  0.769999564       97.0540619      -7.55370522    
  0.779999554       96.9775467      -7.65180540    
  0.789999545       96.9000473      -7.74990559    
  0.799999535       96.8215637      -7.84800577    
  0.809999526       96.7421036      -7.94610596    
  0.819999516       96.6616592      -8.04420567    
  0.829999506       96.5802383      -8.14230537    
  0.839999497       96.4978333      -8.24040508    
  0.849999487       96.4144516      -8.33850479    
  0.859999478       96.3300858      -8.43660450    
  0.869999468       96.2447357      -8.53470421    
  0.879999459       96.1584091      -8.63280392    
  0.889999449       96.0710983      -8.73090363    
  0.899999440       95.9828110      -8.82900333    
  0.909999430       95.8935394      -8.92710304    
  0.919999421       95.8032837      -9.02520275    
  0.929999411       95.7120514      -9.12330246    
  0.939999402       95.6198349      -9.22140217    
  0.949999392       95.5266418      -9.31950188    
  0.959999382       95.4324646      -9.41760159    
  0.969999373       95.3373108      -9.51570129    
  0.979999363       95.2411728      -9.61380100    
  0.989999354       95.1440506      -9.71190071    
  0.999999344       95.0459518      -9.81000042    
   1.00999939       94.9468689      -9.90810013    
   1.01999938       94.8468094      -10.0061998    
   1.02999938       94.7457657      -10.1042995    
   1.03999937       94.6437454      -10.2023993    
   1.04999936       94.5407410      -10.3004990    
   1.05999935       94.4367523      -10.3985987    
   1.06999934       94.3317871      -10.4966984    
   1.07999933       94.2258377      -10.5947981    
   1.08999932       94.1189117      -10.6928978    
   1.09999931       94.0110016      -10.7909975    
   1.10999930       93.9021072      -10.8890972    
   1.11999929       93.7922363      -10.9871969    
   1.12999928       93.6813812      -11.0852966    
   1.13999927       93.5695496      -11.1833963    
   1.14999926       93.4567337      -11.2814960    
   1.15999925       93.3429413      -11.3795958    
   1.16999924       93.2281647      -11.4776955    
   1.17999923       93.1124039      -11.5757952    
   1.18999922       92.9956665      -11.6738949    
   1.19999921       92.8779449      -11.7719946    
   1.20999920       92.7592468      -11.8700943    
   1.21999919       92.6395645      -11.9681940    
   1.22999918       92.5188980      -12.0662937    
   1.23999918       92.3972549      -12.1643934    
   1.24999917       92.2746277      -12.2624931    
   1.25999916       92.1510239      -12.3605928    
   1.26999915       92.0264359      -12.4586926    
   1.27999914       91.9008713      -12.5567923    
   1.28999913       91.7743225      -12.6548920    
   1.29999912       91.6467896      -12.7529917    
   1.30999911       91.5182800      -12.8510914    
   1.31999910       91.3887863      -12.9491911    
   1.32999909       91.2583160      -13.0472908    
   1.33999908       91.1268616      -13.1453905    
   1.34999907       90.9944229      -13.2434902    
   1.35999906       90.8610077      -13.3415899    
   1.36999905       90.7266083      -13.4396896    
   1.37999904       90.5912323      -13.5377893    
   1.38999903       90.4548721      -13.6358891    
   1.39999902       90.3175354      -13.7339888    
   1.40999901       90.1792145      -13.8320885    
   1.41999900       90.0399094      -13.9301882    
   1.42999899       89.8996277      -14.0282879    
   1.43999898       89.7583618      -14.1263876    
   1.44999897       89.6161194      -14.2244873    
   1.45999897       89.4728928      -14.3225870    
   1.46999896       89.3286896      -14.4206867    
   1.47999895       89.1835022      -14.5187864    
   1.48999894       89.0373306      -14.6168861    
   1.49999893       88.8901825      -14.7149858    
   1.50999892       88.7420502      -14.8130856    
   1.51999891       88.5929413      -14.9111853    
   1.52999890       88.4428482      -15.0092850    
   1.53999889       88.2917709      -15.1073847    
   1.54999888       88.1397171      -15.2054844    
   1.55999887       87.9866791      -15.3035841    
   1.56999886       87.8326645      -15.4016838    
   1.57999885       87.6776657      -15.4997835    
   1.58999884       87.5216904      -15.5978832    
   1.59999883       87.3647308      -15.6959829    
   1.60999882       87.2067871      -15.7940826    
   1.61999881       87.0478668      -15.8921824    
   1.62999880       86.8879623      -15.9902821    
   1.63999879       86.7270813      -16.0883827    
   1.64999878       86.5652161      -16.1864834    
   1.65999877       86.4023666      -16.2845840    
   1.66999876       86.2385406      -16.3826847    
   1.67999876       86.0737305      -16.4807854    
   1.68999875       85.9079437      -16.5788860    
   1.69999874       85.7411728      -16.6769867    
   1.70999873       85.5734253      -16.7750874    
   1.71999872       85.4046936      -16.8731880    
   1.72999871       85.2349777      -16.9712887    
   1.73999870       85.0642853      -17.0693893    
   1.74999869       84.8926086      -17.1674900    
   1.75999868       84.7199554      -17.2655907    
   1.76999867       84.5463181      -17.3636913    
   1.77999866       84.3716965      -17.4617920    
   1.78999865       84.1960983      -17.5598927    
   1.79999864       84.0195160      -17.6579933    
   1.80999863       83.8419571      -17.7560940    
   1.81999862       83.6634140      -17.8541946    
   1.82999861       83.4838943      -17.9522953    
   1.83999860       83.3033905      -18.0503960    
   1.84999859       83.1219025      -18.1484966    
   1.85999858       82.9394379      -18.2465973    
   1.86999857       82.7559891      -18.3446980    
   1.87999856       82.5715637      -18.4427986    
   1.88999856       82.3861542      -18.5408993    
   1.89999855       82.1997604      -18.6389999    
   1.90999854       82.0123901      -18.7371006    
   1.91999853       81.8240356      -18.8352013    
   1.92999852       81.6347046      -18.9333019    
   1.93999851       81.4443893      -19.0314026    
   1.94999850       81.2530975      -19.1295033    
   1.95999849       81.0608215      -19.2276039    
   1.96999848       80.8675613      -19.3257046    
   1.97999847       80.6733246      -19.4238052    
   1.98999846       80.4781036      -19.5219059    
   1.99999845       80.2819061      -19.6200066    
   2.00999856       80.0847244      -19.7181072    
   2.01999855       79.8865662      -19.8162079    
   2.02999854       79.6874237      -19.9143085    
   2.03999853       79.4872971      -20.0124092    
   2.04999852       79.2861938      -20.1105099    
   2.05999851       79.0841064      -20.2086105    
   2.06999850       78.8810425      -20.3067112    
   2.07999849       78.6769943      -20.4048119    
   2.08999848       78.4719620      -20.5029125    
   2.09999847       78.2659531      -20.6010132    
   2.10999846       78.0589600      -20.6991138    
   2.11999846       77.8509903      -20.7972145    
   2.12999845       77.6420364      -20.8953152    
   2.13999844       77.4321060      -20.9934158    
   2.14999843       77.2211914      -21.0915165    
   2.15999842       77.0092926      -21.1896172    
   2.16999841       76.7964172      -21.2877178    
   2.17999840       76.5825577      -21.3858185    
   2.18999839       76.3677216      -21.4839191    
   2.19999838       76.1519012      -21.5820198    
   2.20999837       75.9350967      -21.6801205    
   2.21999836       75.7173157      -21.7782211    
   2.22999835       75.4985504      -21.8763218    
   2.23999834       75.2788086      -21.9744225    
   2.24999833       75.0580826      -22.0725231    
   2.25999832       74.8363800      -22.1706238    
   2.26999831       74.6136932      -22.2687244    
   2.27999830       74.3900223      -22.3668251    
   2.28999829       74.1653748      -22.4649258    
   2.29999828       73.9397430      -22.5630264    
   2.30999827       73.7131348      -22.6611271    
   2.31999826       73.4855423      -22.7592278    
   2.32999825       73.2569656      -22.8573284    
   2.33999825       73.0274124      -22.9554291    
   2.34999824       72.7968750      -23.0535297    
   2.35999823       72.5653610      -23.1516304    
   2.36999822       72.3328629      -23.2497311    
   2.37999821       72.0993881      -23.3478317    
   2.38999820       71.8649292      -23.4459324    
   2.39999819       71.6294861      -23.5440331    
   2.40999818       71.3930664      -23.6421337    
   2.41999817       71.1556625      -23.7402344    
   2.42999816       70.9172821      -23.8383350    
   2.43999815       70.6779175      -23.9364357    
   2.44999814       70.4375687      -24.0345364    
   2.45999813       70.1962433      -24.1326370    
   2.46999812       69.9539337      -24.2307377    
   2.47999811       69.7106476      -24.3288383    
   2.48999810       69.4663773      -24.4269390    
   2.49999809       69.2211304      -24.5250397    
   2.50999808       68.9748993      -24.6231403    
   2.51999807       68.7276840      -24.7212410    
   2.52999806       68.4794922      -24.8193417    
   2.53999805       68.2303162      -24.9174423    
   2.54999804       67.9801636      -25.0155430    
   2.55999804       67.7290268      -25.1136436    
   2.56999803       67.4769058      -25.2117443    
   2.57999802       67.2238083      -25.3098450    
   2.58999801       66.9697266      -25.4079456    
   2.59999800       66.7146683      -25.5060463    
   2.60999799       66.4586258      -25.6041470    
   2.61999798       66.2016068      -25.7022476    
   2.62999797       65.9436035      -25.8003483    
   2.63999796       65.6846161      -25.8984489    
   2.64999795       65.4246521      -25.9965496    
   2.65999794       65.1637039      -26.0946503    
   2.66999793       64.9017792      -26.1927509    
   2.67999792       64.6388702      -26.2908516    
   2.68999791       64.3749771      -26.3889523    
   2.69999790       64.1101074      -26.4870529    
   2.70999789       63.8442574      -26.5851536    
   2.71999788       63.5774231      -26.6832542    
   2.72999787       63.3096085      -26.7813549    
   2.73999786       63.0408134      -26.8794556    
   2.74999785       62.7710381      -26.9775562    
   2.75999784       62.5002823      -27.0756569    
   2.76999784       62.2285461      -27.1737576    
   2.77999783       61.9558258      -27.2718582    
   2.78999782       61.6821251      -27.3699589    
   2.79999781       61.4074440      -27.4680595    
   2.80999780       61.1317825      -27.5661602    
   2.81999779       60.8551407      -27.6642609    
   2.82999778       60.5775185      -27.7623615    
   2.83999777       60.2989120      -27.8604622    
   2.84999776       60.0193253      -27.9585629    
   2.85999775       59.7387581      -28.0566635    
   2.86999774       59.4572105      -28.1547642    
   2.87999773       59.1746826      -28.2528648    
   2.88999772       58.8911743      -28.3509655    
   2.89999771       58.6066818      -28.4490662    
   2.90999770       58.3212090      -28.5471668    
   2.91999769       58.0347557      -28.6452675    
   2.92999768       57.7473221      -28.7433681    
   2.93999767       57.4589081      -28.8414688    
   2.94999766       57.1695137      -28.9395695    
   2.95999765       56.8791351      -29.0376701    
   2.96999764       56.5877762      -29.1357708    
   2.97999763       56.2954369      -29.2338715    
   2.98999763       56.0021172      -29.3319721    
   2.99999762       55.7078171      -29.4300728    
   3.00999761       55.4125366      -29.5281734    
   3.01999760       55.1162720      -29.6262741    
   3.02999759       54.8190269      -29.7243748    
   3.03999758       54.5208015      -29.8224754    
   3.04999757       54.2215958      -29.9205761    
   3.05999756       53.9214096      -30.0186768    
   3.06999755       53.6202431      -30.1167774    
   3.07999754       53.3180962      -30.2148781    
   3.08999753       53.0149651      -30.3129787    
   3.09999752       52.7108536      -30.4110794    
   3.10999751       52.4057617      -30.5091801    
   3.11999750       52.0996895      -30.6072807    
   3.12999749       51.7926369      -30.7053814    
   3.13999748       51.4846039      -30.8034821    
   3.14999747       51.1755867      -30.9015827    
   3.15999746       50.8655891      -30.9996834    
   3.16999745       50.5546112      -31.0977840    
   3.17999744       50.2426529      -31.1958847    
   3.18999743       49.9297142      -31.2939854    
   3.19999743       49.6157951      -31.3920860    
   3.20999742       49.3008919      -31.4901867    
   3.21999741       48.9850082      -31.5882874    
   3.22999740       48.6681442      -31.6863880    
   3.23999739       48.3502998      -31.7844887    
   3.24999738       48.0314751      -31.8825893    
   3.25999737       47.7116699      -31.9806900    
   3.26999736       47.3908806      -32.0787888    
   3.27999735       47.0691109      -32.1768875    
   3.28999734       46.7463608      -32.2749863    
   3.29999733       46.4226303      -32.3730850    
   3.30999732       46.0979195      -32.4711838    
   3.31999731       45.7722282      -32.5692825    
   3.32999730       45.4455528      -32.6673813    
   3.33999729       45.1178970      -32.7654800    
   3.34999728       44.7892609      -32.8635788    
   3.35999727       44.4596443      -32.9616776    
   3.36999726       44.1290474      -33.0597763    
   3.37999725       43.7974701      -33.1578751    
   3.38999724       43.4649086      -33.2559738    
   3.39999723       43.1313667      -33.3540726    
   3.40999722       42.7968445      -33.4521713    
   3.41999722       42.4613419      -33.5502701    
   3.42999721       42.1248589      -33.6483688    
   3.43999720       41.7873955      -33.7464676    
   3.44999719       41.4489517      -33.8445663    
   3.45999718       41.1095238      -33.9426651    
   3.46999717       40.7691154      -34.0407639    
   3.47999716       40.4277267      -34.1388626    
   3.48999715       40.0853577      -34.2369614    
   3.49999714       39.7420082      -34.3350601    
   3.50999713       39.3976784      -34.4331589    
   3.51999712       39.0523643      -34.5312576    
   3.52999711       38.7060699      -34.6293564    
   3.53999710       38.3587952      -34.7274551    
   3.54999709       38.0105400      -34.8255539    
   3.55999708       37.6613045      -34.9236526    
   3.56999707       37.3110886      -35.0217514    
   3.57999706       36.9598885      -35.1198502    
   3.58999705       36.6077080      -35.2179489    
   3.59999704       36.2545471      -35.3160477    
   3.60999703       35.9004059      -35.4141464    
   3.61999702       35.5452843      -35.5122452    
   3.62999701       35.1891823      -35.6103439    
   3.63999701       34.8320961      -35.7084427    
   3.64999700       34.4740295      -35.8065414    
   3.65999699       34.1149826      -35.9046402    
   3.66999698       33.7549553      -36.0027390    
   3.67999697       33.3939476      -36.1008377    
   3.68999696       33.0319595      -36.1989365    
   3.69999695       32.6689911      -36.2970352    
   3.70999694       32.3050385      -36.3951340    
   3.71999693       31.9401054      -36.4932327    
   3.72999692       31.5741920      -36.5913315    
   3.73999691       31.2072983      -36.6894302    
   3.74999690       30.8394222      -36.7875290    
   3.75999689       30.4705658      -36.8856277    
   3.76999688       30.1007290      -36.9837265    
   3.77999687       29.7299099      -37.0818253    
   3.78999686       29.3581104      -37.1799240    
   3.79999685       28.9853306      -37.2780228    
   3.80999684       28.6115685      -37.3761215    
   3.81999683       28.2368259      -37.4742203    
   3.82999682       27.8611031      -37.5723190    
   3.83999681       27.4843998      -37.6704178    
   3.84999681       27.1067142      -37.7685165    
   3.85999680       26.7280483      -37.8666153    
   3.86999679       26.3484020      -37.9647141    
   3.87999678       25.9677734      -38.0628128    
   3.88999677       25.5861645      -38.1609116    
   3.89999676       25.2035751      -38.2590103    
   3.90999675       24.8200035      -38.3571091    
   3.91999674       24.4354515      -38.4552078    
   3.92999673       24.0499191      -38.5533066    
   3.93999672       23.6634045      -38.6514053    
   3.94999671       23.2759094      -38.7495041    
   3.95999670       22.8874340      -38.8476028    
   3.96999669       22.4979763      -38.9457016    
   3.97999668       22.1075382      -39.0438004    
   3.98999667       21.7161198      -39.1418991    
   3.99999666       21.3237190      -39.2399979    
   4.00999689       20.9303379      -39.3380966    
   4.01999712       20.5359764      -39.4361954    
   4.02999735       20.1406326      -39.5342941    
   4.03999758       19.7443085      -39.6323929    
   4.04999781       19.3470039      -39.7304916    
   4.05999804       18.9487171      -39.8285904    
   4.06999826       18.5494499      -39.9266891    
   4.07999849       18.1492023      -40.0247879    
   4.08999872       17.7479744      -40.1228867    
   4.09999895       17.3457642      -40.2209854    
   4.10999918       16.9425735      -40.3190842    
   4.11999941       16.5384026      -40.4171829    
   4.12999964       16.1332493      -40.5152817    
   4.13999987       15.7271156      -40.6133804    
   4.15000010       15.3200006      -40.7114792    
   4.16000032       14.9119053      -40.8095779    
   4.17000055       14.5028286      -40.9076767    
   4.18000078       14.0927706      -41.0057755    
   4.19000101       13.6817322      -41.1038742    
   4.20000124       13.2697124      -41.2019730    
   4.21000147       12.8567114      -41.3000717    
   4.22000170       12.4427299      -41.3981705    
   4.23000193       12.0277672      -41.4962692    
   4.24000216       11.6118231      -41.5943680    
   4.25000238       11.1948986      -41.6924667    
   4.26000261       10.7769928      -41.7905655    
   4.27000284       10.3581066      -41.8886642    
   4.28000307       9.93823910      -41.9867630    
   4.29000330       9.51739025      -42.0848618    
   4.30000353       9.09556103      -42.1829605    
   4.31000376       8.67275047      -42.2810593    
   4.32000399       8.24895859      -42.3791580    
   4.33000422       7.82418585      -42.4772568    
   4.34000444       7.39843225      -42.5753555    
   4.35000467       6.97169781      -42.6734543    
   4.36000490       6.54398251      -42.7715530    
   4.37000513       6.11528587      -42.8696518    
   4.38000536       5.68560839      -42.9677505    
   4.39000559       5.25495005      -43.0658493    
   4.40000582       4.82331038      -43.1639481    
   4.41000605       4.39068985      -43.2620468    
   4.42000628       3.95708847      -43.3601456    
   4.43000650       3.52250600      -43.4582443    
   4.44000673       3.08694267      -43.5563431    
   4.45000696       2.65039825      -43.6544418    
   4.46000719       2.21287298      -43.7525406    
   4.47000742       1.77436662      -43.8506393    
   4.48000765       1.33487928      -43.9487381    
   4.49000788      0.894410908      -44.0468369    
   4.50000811      0.452961564      -44.1449356    
   4.51000834       1.05312169E-02  -44.2430344    
   4.52000856     -0.432880104      -44.3411331    
   4.53000879     -0.877272427      -44.4392319    
   4.54000902      -1.32264566      -44.5373306    
   4.55000925      -1.76899993      -44.6354294    
   4.56000948      -2.21633530      -44.7335281    
   4.57000971      -2.66465163      -44.8316269    
   4.58000994      -3.11394882      -44.9297256    
   4.59001017      -3.56422710      -45.0278244    
   4.60001040      -4.01548624      -45.1259232    
   4.61001062      -4.46772623      -45.2240219    
   4.62001085      -4.92094755      -45.3221207    
   4.63001108      -5.37514973      -45.4202194    
   4.64001131      -5.83033276      -45.5183182    
   4.65001154      -6.28649712      -45.6164169    
   4.66001177      -6.74364233      -45.7145157    
   4.67001200      -7.20176840      -45.8126144    
   4.68001223      -7.66087532      -45.9107132    
   4.69001245      -8.12096310      -46.0088120    
   4.70001268      -8.58203220      -46.1069107    
   4.71001291      -9.04408264      -46.2050095    
   4.72001314      -9.50711346      -46.3031082    
   4.73001337      -9.97112560      -46.4012070    
   4.74001360      -10.4361191      -46.4993057    
   4.75001383      -10.9020929      -46.5974045    
   4.76001406      -11.3690481      -46.6955032    
   4.77001429      -11.8369837      -46.7936020    
   4.78001451      -12.3059006      -46.8917007    
   4.79001474      -12.7757988      -46.9897995    
   4.80001497      -13.2466774      -47.0878983    
   4.81001520      -13.7185373      -47.1859970    
   4.82001543      -14.1913786      -47.2840958    
   4.83001566      -14.6652002      -47.3821945    
   4.84001589      -15.1400032      -47.4802933    
   4.85001612      -15.6157875      -47.5783920    
   4.86001635      -16.0925522      -47.6764908    
   4.87001657      -16.5702972      -47.7745895    
   4.88001680      -17.0490246      -47.8726883    
   4.89001703      -17.5287323      -47.9707870    
   4.90001726      -18.0094204      -48.0688858    
   4.91001749      -18.4910908      -48.1669846    
   4.92001772      -18.9737415      -48.2650833    
   4.93001795      -19.4573727      -48.3631821    
   4.94001818      -19.9419861      -48.4612808    
   4.95001841      -20.4275799      -48.5593796    
   4.96001863      -20.9141541      -48.6574783    
   4.97001886      -21.4017105      -48.7555771    
   4.98001909      -21.8902473      -48.8536758    
   4.99001932      -22.3797646      -48.9517746    
