0	100
0	100
0.01	99.999
0.02	99.9971
0.03	99.9941
0.04	99.9902
0.05	99.9853
0.06	99.9794
0.07	99.9726
0.08	99.9647
0.09	99.9559
0.1	99.9461
0.11	99.9353
0.12	99.9236
0.13	99.9108
0.14	99.8971
0.15	99.8824
0.16	99.8667
0.17	99.8501
0.18	99.8324
0.19	99.8138
0.2	99.7942
0.21	99.7736
0.22	99.7521
0.23	99.7295
0.24	99.706
0.25	99.6815
0.26	99.656
0.27	99.6296
0.28	99.6021
0.29	99.5737
0.3	99.5443
0.31	99.5139
0.32	99.4826
0.33	99.4502
0.34	99.4169
0.35	99.3826
0.36	99.3473
0.37	99.3111
0.38	99.2738
0.39	99.2356
0.4	99.1964
0.41	99.1562
0.42	99.1151
0.43	99.0729
0.44	99.0298
0.45	98.9857
0.46	98.9406
0.47	98.8946
0.48	98.8475
0.49	98.7995
0.5	98.7505
0.51	98.7005
0.52	98.6496
0.53	98.5976
0.54	98.5447
0.55	98.4908
0.56	98.4359
0.57	98.3801
0.58	98.3232
0.59	98.2654
0.6	98.2066
0.61	98.1468
0.62	98.0861
0.63	98.0243
0.64	97.9616
0.65	97.8979
0.66	97.8332
0.67	97.7676
0.68	97.7009
0.69	97.6333
0.7	97.5647
0.71	97.4951
0.72	97.4246
0.73	97.353
0.74	97.2805
0.75	97.207
0.76	97.1325
0.77	97.0571
0.78	96.9806
0.79	96.9032
0.8	96.8248
0.81	96.7454
0.82	96.6651
0.83	96.5837
0.84	96.5014
0.85	96.4181
0.86	96.3338
0.87	96.2486
0.88	96.1623
0.89	96.0751
0.9	95.9869
0.91	95.8977
0.92	95.8076
0.93	95.7164
0.94	95.6243
0.95	95.5312
0.96	95.4371
0.97	95.3421
0.98	95.246
0.99	95.149
1	95.051
1.01	94.952
1.02	94.8521
1.03	94.7511
1.04	94.6492
1.05	94.5463
1.06	94.4424
1.07	94.3376
1.08	94.2317
1.09	94.1249
1.1	94.0171
1.11	93.9083
1.12	93.7986
1.13	93.6878
1.14	93.5761
1.15	93.4634
1.16	93.3497
1.17	93.2351
1.18	93.1194
1.19	93.0028
1.2	92.8852
1.21	92.7666
1.22	92.6471
1.23	92.5265
1.24	92.405
1.25	92.2825
1.26	92.159
1.27	92.0346
1.28	91.9091
1.29	91.7827
1.3	91.6553
1.31	91.5269
1.32	91.3976
1.33	91.2672
1.34	91.1359
1.35	91.0036
1.36	90.8703
1.37	90.7361
1.38	90.6008
1.39	90.4646
1.4	90.3274
1.41	90.1892
1.42	90.0501
1.43	89.9099
1.44	89.7688
1.45	89.6267
1.46	89.4836
1.47	89.3396
1.48	89.1945
1.49	89.0485
1.5	88.9015
1.51	88.7535
1.52	88.6046
1.53	88.4546
1.54	88.3037
1.55	88.1518
1.56	87.9989
1.57	87.8451
1.58	87.6902
1.59	87.5344
1.6	87.3776
1.61	87.2198
1.62	87.0611
1.63	86.9013
1.64	86.7406
1.65	86.5789
1.66	86.4162
1.67	86.2526
1.68	86.0879
1.69	85.9223
1.7	85.7557
1.71	85.5881
1.72	85.4196
1.73	85.25
1.74	85.0795
1.75	84.908
1.76	84.7355
1.77	84.5621
1.78	84.3876
1.79	84.2122
1.8	84.0358
1.81	83.8584
1.82	83.6801
1.83	83.5007
1.84	83.3204
1.85	83.1391
1.86	82.9568
1.87	82.7736
1.88	82.5893
1.89	82.4041
1.9	82.2179
1.91	82.0307
1.92	81.8426
1.93	81.6534
1.94	81.4633
1.95	81.2722
1.96	81.0801
1.97	80.8871
1.98	80.693
1.99	80.498
2	80.302
2.01	80.105
2.02	79.9071
2.03	79.7081
2.04	79.5082
2.05	79.3073
2.06	79.1054
2.07	78.9026
2.08	78.6987
2.09	78.4939
2.1	78.2881
2.11	78.0813
2.12	77.8736
2.13	77.6648
2.14	77.4551
2.15	77.2444
2.16	77.0327
2.17	76.8201
2.18	76.6064
2.19	76.3918
2.2	76.1762
2.21	75.9596
2.22	75.7421
2.23	75.5235
2.24	75.304
2.25	75.0835
2.26	74.862
2.27	74.6396
2.28	74.4161
2.29	74.1917
2.3	73.9663
2.31	73.7399
2.32	73.5126
2.33	73.2842
2.34	73.0549
2.35	72.8246
2.36	72.5933
2.37	72.3611
2.38	72.1278
2.39	71.8936
2.4	71.6584
2.41	71.4222
2.42	71.1851
2.43	70.9469
2.44	70.7078
2.45	70.4677
2.46	70.2266
2.47	69.9846
2.48	69.7415
2.49	69.4975
2.5	69.2525
2.51	69.0065
2.52	68.7596
2.53	68.5116
2.54	68.2627
2.55	68.0128
2.56	67.7619
2.57	67.5101
2.58	67.2572
2.59	67.0034
2.6	66.7486
2.61	66.4928
2.62	66.2361
2.63	65.9783
2.64	65.7196
2.65	65.4599
2.66	65.1992
2.67	64.9376
2.68	64.6749
2.69	64.4113
2.7	64.1467
2.71	63.8811
2.72	63.6146
2.73	63.347
2.74	63.0785
2.75	62.809
2.76	62.5385
2.77	62.2671
2.78	61.9946
2.79	61.7212
2.8	61.4468
2.81	61.1714
2.82	60.8951
2.83	60.6177
2.84	60.3394
2.85	60.0601
2.86	59.7798
2.87	59.4986
2.88	59.2163
2.89	58.9331
2.9	58.6489
2.91	58.3637
2.92	58.0776
2.93	57.7904
2.94	57.5023
2.95	57.2132
2.96	56.9231
2.97	56.6321
2.98	56.34
2.99	56.047
3	55.753
3.01	55.458
3.02	55.1621
3.03	54.8651
3.04	54.5672
3.05	54.2683
3.06	53.9684
3.07	53.6676
3.08	53.3657
3.09	53.0629
3.1	52.7591
3.11	52.4543
3.12	52.1486
3.13	51.8418
3.14	51.5341
3.15	51.2254
3.16	50.9157
3.17	50.6051
3.18	50.2934
3.19	49.9808
3.2	49.6672
3.21	49.3526
3.22	49.0371
3.23	48.7205
3.24	48.403
3.25	48.0845
3.26	47.765
3.27	47.4446
3.28	47.1231
3.29	46.8007
3.3	46.4773
3.31	46.1529
3.32	45.8276
3.33	45.5012
3.34	45.1739
3.35	44.8456
3.36	44.5163
3.37	44.1861
3.38	43.8548
3.39	43.5226
3.4	43.1894
3.41	42.8552
3.42	42.5201
3.43	42.1839
3.44	41.8468
3.45	41.5087
3.46	41.1696
3.47	40.8296
3.48	40.4885
3.49	40.1465
3.5	39.8035
3.51	39.4595
3.52	39.1146
3.53	38.7686
3.54	38.4217
3.55	38.0738
3.56	37.7249
3.57	37.3751
3.58	37.0242
3.59	36.6724
3.6	36.3196
3.61	35.9658
3.62	35.6111
3.63	35.2553
3.64	34.8986
3.65	34.5409
3.66	34.1822
3.67	33.8226
3.68	33.4619
3.69	33.1003
3.7	32.7377
3.71	32.3741
3.72	32.0096
3.73	31.644
3.74	31.2775
3.75	30.91
3.76	30.5415
3.77	30.1721
3.78	29.8016
3.79	29.4302
3.8	29.0578
3.81	28.6844
3.82	28.3101
3.83	27.9347
3.84	27.5584
3.85	27.1811
3.86	26.8028
3.87	26.4236
3.88	26.0433
3.89	25.6621
3.9	25.2799
3.91	24.8967
3.92	24.5126
3.93	24.1274
3.94	23.7413
3.95	23.3542
3.96	22.9661
3.97	22.5771
3.98	22.187
3.99	21.796
4	21.404
4.01	21.011
4.02	20.6171
4.03	20.2221
4.04	19.8262
4.05	19.4293
4.06	19.0314
4.07	18.6326
4.08	18.2327
4.09	17.8319
4.1	17.4301
4.11	17.0273
4.12	16.6236
4.13	16.2188
4.14	15.8131
4.15	15.4064
4.16	14.9987
4.17	14.5901
4.18	14.1804
4.19	13.7698
4.2	13.3582
4.21	12.9456
4.22	12.5321
4.23	12.1175
4.24	11.702
4.25	11.2855
4.26	10.868
4.27	10.4496
4.28	10.0301
4.29	9.6097
4.3	9.1883
4.31	8.76592
4.32	8.34256
4.33	7.91822
4.34	7.4929
4.35	7.0666
4.36	6.63932
4.37	6.21106
4.38	5.78182
4.39	5.3516
4.4	4.9204
4.41	4.48822
4.42	4.05506
4.43	3.62092
4.44	3.1858
4.45	2.7497
4.46	2.31262
4.47	1.87456
4.48	1.43552
4.49	0.9955
4.5	0.5545
4.51	0.11252
4.52	-0.33044
4.53	-0.77438
4.54	-1.2193
4.55	-1.6652
4.56	-2.11208
4.57	-2.55994
4.58	-3.00878
4.59	-3.4586
4.6	-3.9094
4.61	-4.36118
4.62	-4.81394
4.63	-5.26768
4.64	-5.7224
4.65	-6.1781
4.66	-6.63478
4.67	-7.09244
4.68	-7.55108
4.69	-8.0107
4.7	-8.4713
4.71	-8.93288
4.72	-9.39544
4.73	-9.85898
4.74	-10.3235
4.75	-10.789
4.76	-11.2555
4.77	-11.7229
4.78	-12.1914
4.79	-12.6608
4.8	-13.1312
4.81	-13.6026
4.82	-14.0749
4.83	-14.5483
4.84	-15.0226
4.85	-15.4979
4.86	-15.9742
4.87	-16.4514
4.88	-16.9297
4.89	-17.4089
4.9	-17.8891
4.91	-18.3703
4.92	-18.8524
4.93	-19.3356
4.94	-19.8197
4.95	-20.3048
4.96	-20.7909
4.97	-21.2779
4.98	-21.766
4.99	-22.255
5	-22.745
