0	0.392699
0	0.392699
0.01	0.392662
0.02	0.392586
0.03	0.392474
0.04	0.392324
0.05	0.392136
0.06	0.391911
0.07	0.391648
0.08	0.391348
0.09	0.391011
0.1	0.390636
0.11	0.390224
0.12	0.389774
0.13	0.389287
0.14	0.388763
0.15	0.388202
0.16	0.387604
0.17	0.386968
0.18	0.386296
0.19	0.385587
0.2	0.38484
0.21	0.384057
0.22	0.383237
0.23	0.382381
0.24	0.381488
0.25	0.380558
0.26	0.379592
0.27	0.378589
0.28	0.37755
0.29	0.376476
0.3	0.375365
0.31	0.374218
0.32	0.373035
0.33	0.371816
0.34	0.370562
0.35	0.369272
0.36	0.367947
0.37	0.366587
0.38	0.365191
0.39	0.363761
0.4	0.362295
0.41	0.360795
0.42	0.35926
0.43	0.357691
0.44	0.356087
0.45	0.354449
0.46	0.352777
0.47	0.351071
0.48	0.349331
0.49	0.347558
0.5	0.345752
0.51	0.343912
0.52	0.342039
0.53	0.340133
0.54	0.338194
0.55	0.336223
0.56	0.33422
0.57	0.332184
0.58	0.330116
0.59	0.328017
0.6	0.325886
0.61	0.323723
0.62	0.32153
0.63	0.319305
0.64	0.31705
0.65	0.314764
0.66	0.312447
0.67	0.310101
0.68	0.307724
0.69	0.305318
0.7	0.302882
0.71	0.300417
0.72	0.297923
0.73	0.2954
0.74	0.292849
0.75	0.290269
0.76	0.287662
0.77	0.285026
0.78	0.282363
0.79	0.279672
0.8	0.276955
0.81	0.27421
0.82	0.271439
0.83	0.268642
0.84	0.265819
0.85	0.26297
0.86	0.260095
0.87	0.257195
0.88	0.254271
0.89	0.251321
0.9	0.248347
0.91	0.245349
0.92	0.242328
0.93	0.239282
0.94	0.236214
0.95	0.233122
0.96	0.230008
0.97	0.226871
0.98	0.223713
0.99	0.220532
1	0.217331
1.01	0.214108
1.02	0.210864
1.03	0.207599
1.04	0.204315
1.05	0.20101
1.06	0.197686
1.07	0.194343
1.08	0.190981
1.09	0.1876
1.1	0.1842
1.11	0.180783
1.12	0.177348
1.13	0.173896
1.14	0.170427
1.15	0.166941
1.16	0.163439
1.17	0.159921
1.18	0.156388
1.19	0.152839
1.2	0.149275
1.21	0.145697
1.22	0.142104
1.23	0.138497
1.24	0.134877
1.25	0.131244
1.26	0.127598
1.27	0.123939
1.28	0.120269
1.29	0.116586
1.3	0.112892
1.31	0.109187
1.32	0.105471
1.33	0.101745
1.34	0.0980095
1.35	0.0942639
1.36	0.0905091
1.37	0.0867455
1.38	0.0829733
1.39	0.079193
1.4	0.075405
1.41	0.0716096
1.42	0.0678071
1.43	0.063998
1.44	0.0601826
1.45	0.0563613
1.46	0.0525345
1.47	0.0487026
1.48	0.0448658
1.49	0.0410247
1.5	0.0371796
1.51	0.0333308
1.52	0.0294787
1.53	0.0256237
1.54	0.0217663
1.55	0.0179066
1.56	0.0140453
1.57	0.0101825
1.58	0.00631879
1.59	0.00245442
1.6	-0.00141018
1.61	-0.00527465
1.62	-0.0091386
1.63	-0.0130016
1.64	-0.0168634
1.65	-0.0207235
1.66	-0.0245816
1.67	-0.0284373
1.68	-0.0322902
1.69	-0.0361399
1.7	-0.0399861
1.71	-0.0438284
1.72	-0.0476663
1.73	-0.0514996
1.74	-0.0553278
1.75	-0.0591506
1.76	-0.0629677
1.77	-0.0667785
1.78	-0.0705828
1.79	-0.0743801
1.8	-0.0781702
1.81	-0.0819527
1.82	-0.085727
1.83	-0.089493
1.84	-0.0932503
1.85	-0.0969983
1.86	-0.100737
1.87	-0.104466
1.88	-0.108184
1.89	-0.111892
1.9	-0.115589
1.91	-0.119275
1.92	-0.122949
1.93	-0.126611
1.94	-0.13026
1.95	-0.133897
1.96	-0.137521
1.97	-0.141131
1.98	-0.144727
1.99	-0.14831
2	-0.151877
2.01	-0.15543
2.02	-0.158968
2.03	-0.16249
2.04	-0.165997
2.05	-0.169487
2.06	-0.172961
2.07	-0.176417
2.08	-0.179857
2.09	-0.183279
2.1	-0.186683
2.11	-0.190069
2.12	-0.193436
2.13	-0.196785
2.14	-0.200114
2.15	-0.203424
2.16	-0.206714
2.17	-0.209984
2.18	-0.213233
2.19	-0.216462
2.2	-0.219669
2.21	-0.222856
2.22	-0.22602
2.23	-0.229163
2.24	-0.232283
2.25	-0.235381
2.26	-0.238455
2.27	-0.241507
2.28	-0.244535
2.29	-0.24754
2.3	-0.25052
2.31	-0.253476
2.32	-0.256408
2.33	-0.259314
2.34	-0.262196
2.35	-0.265052
2.36	-0.267882
2.37	-0.270686
2.38	-0.273464
2.39	-0.276216
2.4	-0.278941
2.41	-0.281639
2.42	-0.284309
2.43	-0.286952
2.44	-0.289567
2.45	-0.292155
2.46	-0.294714
2.47	-0.297244
2.48	-0.299746
2.49	-0.302219
2.5	-0.304663
2.51	-0.307077
2.52	-0.309461
2.53	-0.311816
2.54	-0.314141
2.55	-0.316435
2.56	-0.318699
2.57	-0.320932
2.58	-0.323134
2.59	-0.325305
2.6	-0.327444
2.61	-0.329552
2.62	-0.331629
2.63	-0.333673
2.64	-0.335685
2.65	-0.337665
2.66	-0.339612
2.67	-0.341527
2.68	-0.343409
2.69	-0.345258
2.7	-0.347073
2.71	-0.348856
2.72	-0.350604
2.73	-0.352319
2.74	-0.354
2.75	-0.355648
2.76	-0.357261
2.77	-0.358839
2.78	-0.360384
2.79	-0.361893
2.8	-0.363368
2.81	-0.364808
2.82	-0.366213
2.83	-0.367583
2.84	-0.368918
2.85	-0.370217
2.86	-0.371481
2.87	-0.372709
2.88	-0.373902
2.89	-0.375058
2.9	-0.376179
2.91	-0.377264
2.92	-0.378312
2.93	-0.379324
2.94	-0.3803
2.95	-0.38124
2.96	-0.382143
2.97	-0.383009
2.98	-0.383839
2.99	-0.384632
3	-0.385389
3.01	-0.386108
3.02	-0.38679
3.03	-0.387436
3.04	-0.388044
3.05	-0.388615
3.06	-0.38915
3.07	-0.389646
3.08	-0.390106
3.09	-0.390528
3.1	-0.390913
3.11	-0.391261
3.12	-0.391571
3.13	-0.391844
3.14	-0.392079
3.15	-0.392277
3.16	-0.392437
3.17	-0.39256
3.18	-0.392645
3.19	-0.392693
3.2	-0.392703
3.21	-0.392675
3.22	-0.39261
3.23	-0.392508
3.24	-0.392368
3.25	-0.39219
3.26	-0.391975
3.27	-0.391723
3.28	-0.391433
3.29	-0.391106
3.3	-0.390741
3.31	-0.390339
3.32	-0.389899
3.33	-0.389423
3.34	-0.388909
3.35	-0.388358
3.36	-0.387769
3.37	-0.387144
3.38	-0.386481
3.39	-0.385782
3.4	-0.385046
3.41	-0.384272
3.42	-0.383462
3.43	-0.382616
3.44	-0.381732
3.45	-0.380813
3.46	-0.379856
3.47	-0.378864
3.48	-0.377835
3.49	-0.37677
3.5	-0.375668
3.51	-0.374531
3.52	-0.373358
3.53	-0.372149
3.54	-0.370905
3.55	-0.369624
3.56	-0.368309
3.57	-0.366958
3.58	-0.365572
3.59	-0.364151
3.6	-0.362695
3.61	-0.361204
3.62	-0.359678
3.63	-0.358118
3.64	-0.356524
3.65	-0.354895
3.66	-0.353232
3.67	-0.351535
3.68	-0.349805
3.69	-0.348041
3.7	-0.346243
3.71	-0.344412
3.72	-0.342548
3.73	-0.340651
3.74	-0.338721
3.75	-0.336759
3.76	-0.334764
3.77	-0.332737
3.78	-0.330678
3.79	-0.328587
3.8	-0.326465
3.81	-0.324311
3.82	-0.322126
3.83	-0.319909
3.84	-0.317662
3.85	-0.315384
3.86	-0.313076
3.87	-0.310738
3.88	-0.308369
3.89	-0.305971
3.9	-0.303543
3.91	-0.301086
3.92	-0.2986
3.93	-0.296085
3.94	-0.293541
3.95	-0.290969
3.96	-0.288369
3.97	-0.285741
3.98	-0.283085
3.99	-0.280402
4	-0.277692
4.01	-0.274955
4.02	-0.272191
4.03	-0.269401
4.04	-0.266584
4.05	-0.263742
4.06	-0.260874
4.07	-0.257981
4.08	-0.255063
4.09	-0.252121
4.1	-0.249153
4.11	-0.246162
4.12	-0.243146
4.13	-0.240107
4.14	-0.237045
4.15	-0.23396
4.16	-0.230852
4.17	-0.227721
4.18	-0.224568
4.19	-0.221394
4.2	-0.218198
4.21	-0.214981
4.22	-0.211742
4.23	-0.208483
4.24	-0.205204
4.25	-0.201905
4.26	-0.198586
4.27	-0.195248
4.28	-0.191891
4.29	-0.188515
4.3	-0.185121
4.31	-0.181708
4.32	-0.178278
4.33	-0.174831
4.34	-0.171366
4.35	-0.167885
4.36	-0.164387
4.37	-0.160874
4.38	-0.157344
4.39	-0.153799
4.4	-0.15024
4.41	-0.146665
4.42	-0.143076
4.43	-0.139473
4.44	-0.135857
4.45	-0.132227
4.46	-0.128584
4.47	-0.124929
4.48	-0.121262
4.49	-0.117582
4.5	-0.113891
4.51	-0.110189
4.52	-0.106476
4.53	-0.102753
4.54	-0.0990199
4.55	-0.0952769
4.56	-0.0915246
4.57	-0.0877633
4.58	-0.0839934
4.59	-0.0802153
4.6	-0.0764293
4.61	-0.0726358
4.62	-0.0688352
4.63	-0.0650279
4.64	-0.0612142
4.65	-0.0573944
4.66	-0.0535691
4.67	-0.0497385
4.68	-0.045903
4.69	-0.042063
4.7	-0.0382189
4.71	-0.0343711
4.72	-0.0305198
4.73	-0.0266656
4.74	-0.0228088
4.75	-0.0189497
4.76	-0.0150888
4.77	-0.0112264
4.78	-0.00736288
4.79	-0.00349864
4.8	0.000365933
4.81	0.00423047
4.82	0.0080946
4.83	0.0119579
4.84	0.0158201
4.85	0.0196807
4.86	0.0235394
4.87	0.0273957
4.88	0.0312494
4.89	0.0351
4.9	0.0389472
4.91	0.0427906
4.92	0.0466297
4.93	0.0504643
4.94	0.0542939
4.95	0.0581182
4.96	0.0619369
4.97	0.0657494
4.98	0.0695555
4.99	0.0733548
5	0.0771469
5.01	0.0809314
5.02	0.084708
5.03	0.0884763
5.04	0.0922359
5.05	0.0959865
5.06	0.0997277
5.07	0.103459
5.08	0.10718
5.09	0.110891
5.1	0.114591
5.11	0.11828
5.12	0.121957
5.13	0.125622
5.14	0.129275
5.15	0.132915
5.16	0.136543
5.17	0.140157
5.18	0.143757
5.19	0.147343
5.2	0.150915
5.21	0.154472
5.22	0.158014
5.23	0.16154
5.24	0.165051
5.25	0.168546
5.26	0.172024
5.27	0.175485
5.28	0.178929
5.29	0.182356
5.3	0.185765
5.31	0.189156
5.32	0.192528
5.33	0.195882
5.34	0.199216
5.35	0.202531
5.36	0.205827
5.37	0.209102
5.38	0.212357
5.39	0.215591
5.4	0.218805
5.41	0.221997
5.42	0.225167
5.43	0.228316
5.44	0.231442
5.45	0.234546
5.46	0.237627
5.47	0.240685
5.48	0.243719
5.49	0.24673
5.5	0.249717
5.51	0.25268
5.52	0.255618
5.53	0.258531
5.54	0.261419
5.55	0.264282
5.56	0.26712
5.57	0.269931
5.58	0.272716
5.59	0.275475
5.6	0.278207
5.61	0.280912
5.62	0.28359
5.63	0.286241
5.64	0.288864
5.65	0.291458
5.66	0.294025
5.67	0.296563
5.68	0.299073
5.69	0.301554
5.7	0.304005
5.71	0.306427
5.72	0.30882
5.73	0.311183
5.74	0.313516
5.75	0.315818
5.76	0.31809
5.77	0.320331
5.78	0.322542
5.79	0.324721
5.8	0.326869
5.81	0.328986
5.82	0.331071
5.83	0.333124
5.84	0.335145
5.85	0.337133
5.86	0.339089
5.87	0.341013
5.88	0.342904
5.89	0.344761
5.9	0.346586
5.91	0.348377
5.92	0.350135
5.93	0.351859
5.94	0.35355
5.95	0.355206
5.96	0.356828
5.97	0.358416
5.98	0.35997
5.99	0.361489
6	0.362973
6.01	0.364423
6.02	0.365837
6.03	0.367216
6.04	0.368561
6.05	0.36987
6.06	0.371143
6.07	0.372381
6.08	0.373583
6.09	0.374749
6.1	0.37588
6.11	0.376974
6.12	0.378032
6.13	0.379054
6.14	0.38004
6.15	0.38099
6.16	0.381903
6.17	0.382779
6.18	0.383619
6.19	0.384422
6.2	0.385188
6.21	0.385917
6.22	0.38661
6.23	0.387265
6.24	0.387883
6.25	0.388465
6.26	0.389009
6.27	0.389516
6.28	0.389985
6.29	0.390418
6.3	0.390813
6.31	0.391171
6.32	0.391491
6.33	0.391774
6.34	0.392019
6.35	0.392227
6.36	0.392397
6.37	0.39253
6.38	0.392626
6.39	0.392683
6.4	0.392704
6.41	0.392686
6.42	0.392632
6.43	0.392539
6.44	0.39241
6.45	0.392242
6.46	0.392037
6.47	0.391795
6.48	0.391515
6.49	0.391198
6.5	0.390843
6.51	0.390451
6.52	0.390022
6.53	0.389555
6.54	0.389051
6.55	0.38851
6.56	0.387932
6.57	0.387316
6.58	0.386664
6.59	0.385975
6.6	0.385248
6.61	0.384485
6.62	0.383685
6.63	0.382848
6.64	0.381975
6.65	0.381065
6.66	0.380118
6.67	0.379135
6.68	0.378116
6.69	0.377061
6.7	0.375969
6.71	0.374842
6.72	0.373679
6.73	0.372479
6.74	0.371244
6.75	0.369974
6.76	0.368668
6.77	0.367326
6.78	0.36595
6.79	0.364538
6.8	0.363091
6.81	0.36161
6.82	0.360094
6.83	0.358543
6.84	0.356958
6.85	0.355338
6.86	0.353685
6.87	0.351997
6.88	0.350276
6.89	0.348521
6.9	0.346732
6.91	0.34491
6.92	0.343055
6.93	0.341167
6.94	0.339246
6.95	0.337292
6.96	0.335306
6.97	0.333288
6.98	0.331238
6.99	0.329156
7	0.327042
7.01	0.324896
7.02	0.322719
7.03	0.320511
7.04	0.318272
7.05	0.316003
7.06	0.313703
7.07	0.311372
7.08	0.309012
7.09	0.306622
7.1	0.304202
7.11	0.301753
7.12	0.299275
7.13	0.296767
7.14	0.294231
7.15	0.291667
7.16	0.289074
7.17	0.286454
7.18	0.283805
7.19	0.28113
7.2	0.278427
7.21	0.275697
7.22	0.27294
7.23	0.270157
7.24	0.267348
7.25	0.264513
7.26	0.261652
7.27	0.258766
7.28	0.255854
7.29	0.252918
7.3	0.249957
7.31	0.246972
7.32	0.243964
7.33	0.240931
7.34	0.237875
7.35	0.234796
7.36	0.231694
7.37	0.228569
7.38	0.225422
7.39	0.222254
7.4	0.219064
7.41	0.215852
7.42	0.212619
7.43	0.209366
7.44	0.206092
7.45	0.202799
7.46	0.199485
7.47	0.196152
7.48	0.1928
7.49	0.189429
7.5	0.18604
7.51	0.182632
7.52	0.179207
7.53	0.175764
7.54	0.172304
7.55	0.168827
7.56	0.165334
7.57	0.161825
7.58	0.158299
7.59	0.154759
7.6	0.151203
7.61	0.147632
7.62	0.144047
7.63	0.140448
7.64	0.136835
7.65	0.133209
7.66	0.12957
7.67	0.125918
7.68	0.122254
7.69	0.118578
7.7	0.11489
7.71	0.111191
7.72	0.107481
7.73	0.10376
7.74	0.10003
7.75	0.0962893
7.76	0.0925394
7.77	0.0887805
7.78	0.0850129
7.79	0.081237
7.8	0.0774531
7.81	0.0736616
7.82	0.0698629
7.83	0.0660573
7.84	0.0622453
7.85	0.0584271
7.86	0.0546033
7.87	0.050774
7.88	0.0469398
7.89	0.043101
7.9	0.039258
7.91	0.0354111
7.92	0.0315608
7.93	0.0277073
7.94	0.0238512
7.95	0.0199927
7.96	0.0161322
7.97	0.0122702
7.98	0.00840692
7.99	0.00454284
8	0.000678319
8.01	-0.00318627
8.02	-0.00705054
8.03	-0.0109141
8.04	-0.0147766
8.05	-0.0186377
8.06	-0.0224969
8.07	-0.026354
8.08	-0.0302084
8.09	-0.0340599
8.1	-0.037908
8.11	-0.0417525
8.12	-0.0455928
8.13	-0.0494286
8.14	-0.0532596
8.15	-0.0570854
8.16	-0.0609056
8.17	-0.0647198
8.18	-0.0685277
8.19	-0.0723289
8.2	-0.0761229
8.21	-0.0799095
8.22	-0.0836883
8.23	-0.0874589
8.24	-0.0912209
8.25	-0.094974
8.26	-0.0987177
8.27	-0.102452
8.28	-0.106176
8.29	-0.10989
8.3	-0.113592
8.31	-0.117284
8.32	-0.120965
8.33	-0.124633
8.34	-0.128289
8.35	-0.131933
8.36	-0.135564
8.37	-0.139181
8.38	-0.142785
8.39	-0.146375
8.4	-0.149951
8.41	-0.153512
8.42	-0.157058
8.43	-0.160589
8.44	-0.164104
8.45	-0.167603
8.46	-0.171085
8.47	-0.174551
8.48	-0.178
8.49	-0.181432
8.5	-0.184846
8.51	-0.188241
8.52	-0.191619
8.53	-0.194977
8.54	-0.198317
8.55	-0.201638
8.56	-0.204938
8.57	-0.208219
8.58	-0.21148
8.59	-0.21472
8.6	-0.217939
8.61	-0.221136
8.62	-0.224313
8.63	-0.227467
8.64	-0.230599
8.65	-0.233709
8.66	-0.236797
8.67	-0.239861
8.68	-0.242902
8.69	-0.245919
8.7	-0.248912
8.71	-0.251882
8.72	-0.254826
8.73	-0.257746
8.74	-0.260641
8.75	-0.263511
8.76	-0.266355
8.77	-0.269174
8.78	-0.271966
8.79	-0.274732
8.8	-0.277471
8.81	-0.280184
8.82	-0.282869
8.83	-0.285527
8.84	-0.288158
8.85	-0.29076
8.86	-0.293334
8.87	-0.29588
8.88	-0.298398
8.89	-0.300886
8.9	-0.303346
8.91	-0.305776
8.92	-0.308176
8.93	-0.310547
8.94	-0.312888
8.95	-0.315199
8.96	-0.317479
8.97	-0.319729
8.98	-0.321948
8.99	-0.324135
9	-0.326292
9.01	-0.328417
9.02	-0.33051
9.03	-0.332572
9.04	-0.334602
9.05	-0.336599
9.06	-0.338564
9.07	-0.340496
9.08	-0.342396
9.09	-0.344263
9.1	-0.346096
9.11	-0.347897
9.12	-0.349663
9.13	-0.351397
9.14	-0.353096
9.15	-0.354762
9.16	-0.356393
9.17	-0.35799
9.18	-0.359553
9.19	-0.361082
9.2	-0.362575
9.21	-0.364034
9.22	-0.365458
9.23	-0.366847
9.24	-0.368201
9.25	-0.369519
9.26	-0.370802
9.27	-0.37205
9.28	-0.373262
9.29	-0.374438
9.3	-0.375578
9.31	-0.376682
9.32	-0.37775
9.33	-0.378782
9.34	-0.379777
9.35	-0.380737
9.36	-0.381659
9.37	-0.382546
9.38	-0.383395
9.39	-0.384208
9.4	-0.384984
9.41	-0.385724
9.42	-0.386426
9.43	-0.387092
9.44	-0.38772
9.45	-0.388311
9.46	-0.388866
9.47	-0.389383
9.48	-0.389862
9.49	-0.390305
9.5	-0.39071
9.51	-0.391078
9.52	-0.391408
9.53	-0.391701
9.54	-0.391956
9.55	-0.392174
9.56	-0.392355
9.57	-0.392498
9.58	-0.392604
9.59	-0.392672
9.6	-0.392702
9.61	-0.392695
9.62	-0.39265
9.63	-0.392568
9.64	-0.392448
9.65	-0.392291
9.66	-0.392096
9.67	-0.391864
9.68	-0.391594
9.69	-0.391287
9.7	-0.390943
9.71	-0.390561
9.72	-0.390142
9.73	-0.389685
9.74	-0.389191
9.75	-0.38866
9.76	-0.388092
9.77	-0.387486
9.78	-0.386844
9.79	-0.386164
9.8	-0.385448
9.81	-0.384695
9.82	-0.383905
9.83	-0.383078
9.84	-0.382214
9.85	-0.381314
9.86	-0.380378
9.87	-0.379405
9.88	-0.378395
9.89	-0.37735
9.9	-0.376268
9.91	-0.37515
9.92	-0.373996
9.93	-0.372807
9.94	-0.371582
9.95	-0.370321
9.96	-0.369024
9.97	-0.367692
9.98	-0.366325
9.99	-0.364923
10	-0.363486
10.01	-0.362014
10.02	-0.360507
10.03	-0.358965
10.04	-0.357389
10.05	-0.355779
10.06	-0.354135
10.07	-0.352456
10.08	-0.350744
10.09	-0.348998
10.1	-0.347219
10.11	-0.345406
10.12	-0.34356
10.13	-0.34168
10.14	-0.339768
10.15	-0.337824
10.16	-0.335846
10.17	-0.333837
10.18	-0.331795
10.19	-0.329721
10.2	-0.327616
10.21	-0.325479
10.22	-0.32331
10.23	-0.321111
10.24	-0.31888
10.25	-0.316619
10.26	-0.314327
10.27	-0.312005
10.28	-0.309653
10.29	-0.307271
10.3	-0.304859
10.31	-0.302418
10.32	-0.299947
10.33	-0.297448
10.34	-0.294919
10.35	-0.292363
10.36	-0.289778
10.37	-0.287165
10.38	-0.284524
10.39	-0.281855
10.4	-0.27916
10.41	-0.276437
10.42	-0.273688
10.43	-0.270912
10.44	-0.268109
10.45	-0.265281
10.46	-0.262427
10.47	-0.259548
10.48	-0.256643
10.49	-0.253714
10.5	-0.25076
10.51	-0.247781
10.52	-0.244779
10.53	-0.241753
10.54	-0.238703
10.55	-0.23563
10.56	-0.232534
10.57	-0.229416
10.58	-0.226275
10.59	-0.223112
10.6	-0.219928
10.61	-0.216722
10.62	-0.213495
10.63	-0.210247
10.64	-0.206979
10.65	-0.203691
10.66	-0.200382
10.67	-0.197055
10.68	-0.193708
10.69	-0.190342
10.7	-0.186957
10.71	-0.183555
10.72	-0.180134
10.73	-0.176696
10.74	-0.173241
10.75	-0.169768
10.76	-0.16628
10.77	-0.162774
10.78	-0.159253
10.79	-0.155717
10.8	-0.152165
10.81	-0.148599
10.82	-0.145017
10.83	-0.141422
10.84	-0.137813
10.85	-0.13419
10.86	-0.130555
10.87	-0.126906
10.88	-0.123245
10.89	-0.119572
10.9	-0.115887
10.91	-0.112191
10.92	-0.108484
10.93	-0.104767
10.94	-0.101039
10.95	-0.0973009
10.96	-0.0935536
10.97	-0.0897971
10.98	-0.0860318
10.99	-0.082258
11	-0.0784763
11.01	-0.0746868
11.02	-0.07089
11.03	-0.0670862
11.04	-0.0632759
11.05	-0.0594594
11.06	-0.055637
11.07	-0.0518092
11.08	-0.0479763
11.09	-0.0441388
11.1	-0.0402968
11.11	-0.036451
11.12	-0.0326015
11.13	-0.0287489
11.14	-0.0248934
11.15	-0.0210355
11.16	-0.0171755
11.17	-0.0133139
11.18	-0.00945089
11.19	-0.005587
11.2	-0.00172257
11.21	0.00214204
11.22	0.00600644
11.23	0.00987025
11.24	0.0137331
11.25	0.0175946
11.26	0.0214543
11.27	0.025312
11.28	0.0291672
11.29	0.0330195
11.3	0.0368686
11.31	0.040714
11.32	0.0445555
11.33	0.0483926
11.34	0.052225
11.35	0.0560522
11.36	0.0598739
11.37	0.0636898
11.38	0.0674994
11.39	0.0713025
11.4	0.0750985
11.41	0.0788871
11.42	0.0826681
11.43	0.0864409
11.44	0.0902052
11.45	0.0939608
11.46	0.0977071
11.47	0.101444
11.48	0.105171
11.49	0.108887
11.5	0.112593
11.51	0.116288
11.52	0.119971
11.53	0.123643
11.54	0.127303
11.55	0.13095
11.56	0.134584
11.57	0.138205
11.58	0.141813
11.59	0.145407
11.6	0.148986
11.61	0.152551
11.62	0.156102
11.63	0.159636
11.64	0.163156
11.65	0.166659
11.66	0.170146
11.67	0.173617
11.68	0.17707
11.69	0.180506
11.7	0.183925
11.71	0.187326
11.72	0.190708
11.73	0.194072
11.74	0.197417
11.75	0.200742
11.76	0.204048
11.77	0.207335
11.78	0.210601
11.79	0.213846
11.8	0.217071
11.81	0.220274
11.82	0.223457
11.83	0.226617
11.84	0.229755
11.85	0.232871
11.86	0.235965
11.87	0.239035
11.88	0.242082
11.89	0.245106
11.9	0.248106
11.91	0.251082
11.92	0.254033
11.93	0.25696
11.94	0.259862
11.95	0.262738
11.96	0.265589
11.97	0.268415
11.98	0.271214
11.99	0.273987
12	0.276734
12.01	0.279454
12.02	0.282146
12.03	0.284812
12.04	0.28745
12.05	0.29006
12.06	0.292642
12.07	0.295195
12.08	0.29772
12.09	0.300217
12.1	0.302684
12.11	0.305122
12.12	0.307531
12.13	0.30991
12.14	0.312259
12.15	0.314578
12.16	0.316866
12.17	0.319124
12.18	0.321351
12.19	0.323547
12.2	0.325712
12.21	0.327846
12.22	0.329948
12.23	0.332018
12.24	0.334056
12.25	0.336062
12.26	0.338036
12.27	0.339977
12.28	0.341886
12.29	0.343762
12.3	0.345604
12.31	0.347413
12.32	0.349189
12.33	0.350932
12.34	0.35264
12.35	0.354315
12.36	0.355956
12.37	0.357562
12.38	0.359134
12.39	0.360672
12.4	0.362175
12.41	0.363644
12.42	0.365077
12.43	0.366475
12.44	0.367839
12.45	0.369167
12.46	0.370459
12.47	0.371716
12.48	0.372938
12.49	0.374123
12.5	0.375273
12.51	0.376387
12.52	0.377465
12.53	0.378507
12.54	0.379512
12.55	0.380481
12.56	0.381414
12.57	0.38231
12.58	0.383169
12.59	0.383992
12.6	0.384778
12.61	0.385528
12.62	0.38624
12.63	0.386915
12.64	0.387554
12.65	0.388155
12.66	0.388719
12.67	0.389246
12.68	0.389736
12.69	0.390189
12.7	0.390604
12.71	0.390982
12.72	0.391322
12.73	0.391625
12.74	0.391891
12.75	0.392119
12.76	0.39231
12.77	0.392463
12.78	0.392579
12.79	0.392657
12.8	0.392697
12.81	0.3927
12.82	0.392666
12.83	0.392594
12.84	0.392484
12.85	0.392337
12.86	0.392153
12.87	0.391931
12.88	0.391671
12.89	0.391374
12.9	0.39104
12.91	0.390668
12.92	0.390258
12.93	0.389812
12.94	0.389328
12.95	0.388807
12.96	0.388249
12.97	0.387654
12.98	0.387021
12.99	0.386352
13	0.385645
13.01	0.384902
13.02	0.384122
13.03	0.383305
13.04	0.382451
13.05	0.381561
13.06	0.380634
13.07	0.379671
13.08	0.378672
13.09	0.377636
13.1	0.376564
13.11	0.375456
13.12	0.374312
13.13	0.373132
13.14	0.371916
13.15	0.370665
13.16	0.369378
13.17	0.368056
13.18	0.366698
13.19	0.365305
13.2	0.363878
13.21	0.362415
13.22	0.360917
13.23	0.359385
13.24	0.357819
13.25	0.356218
13.26	0.354583
13.27	0.352913
13.28	0.35121
13.29	0.349473
13.3	0.347703
13.31	0.345899
13.32	0.344062
13.33	0.342191
13.34	0.340288
13.35	0.338352
13.36	0.336384
13.37	0.334383
13.38	0.33235
13.39	0.330285
13.4	0.328188
13.41	0.326059
13.42	0.323899
13.43	0.321708
13.44	0.319486
13.45	0.317233
13.46	0.31495
13.47	0.312636
13.48	0.310291
13.49	0.307917
13.5	0.305513
13.51	0.30308
13.52	0.300618
13.53	0.298126
13.54	0.295605
13.55	0.293056
13.56	0.290479
13.57	0.287873
13.58	0.28524
13.59	0.282579
13.6	0.279891
13.61	0.277175
13.62	0.274433
13.63	0.271664
13.64	0.268869
13.65	0.266048
13.66	0.263201
13.67	0.260328
13.68	0.257431
13.69	0.254508
13.7	0.25156
13.71	0.248589
13.72	0.245593
13.73	0.242573
13.74	0.239529
13.75	0.236463
13.76	0.233373
13.77	0.230261
13.78	0.227126
13.79	0.223969
13.8	0.22079
13.81	0.21759
13.82	0.214369
13.83	0.211127
13.84	0.207864
13.85	0.204581
13.86	0.201278
13.87	0.197956
13.88	0.194614
13.89	0.191253
13.9	0.187874
13.91	0.184476
13.92	0.18106
13.93	0.177627
13.94	0.174176
13.95	0.170708
13.96	0.167224
13.97	0.163723
13.98	0.160206
13.99	0.156674
14	0.153126
14.01	0.149564
14.02	0.145986
14.03	0.142395
14.04	0.138789
14.05	0.13517
14.06	0.131538
14.07	0.127893
14.08	0.124235
14.09	0.120566
14.1	0.116884
14.11	0.113191
14.12	0.109487
14.13	0.105772
14.14	0.102047
14.15	0.0983118
14.16	0.094567
14.17	0.090813
14.18	0.08705
14.19	0.0832785
14.2	0.0794989
14.21	0.0757115
14.22	0.0719166
14.23	0.0681147
14.24	0.0643061
14.25	0.0604912
14.26	0.0566704
14.27	0.0528441
14.28	0.0490125
14.29	0.0451761
14.3	0.0413354
14.31	0.0374905
14.32	0.033642
14.33	0.0297902
14.34	0.0259354
14.35	0.0220781
14.36	0.0182187
14.37	0.0143575
14.38	0.0104948
14.39	0.00663113
14.4	0.0027668
14.41	-0.0010978
14.42	-0.00496229
14.43	-0.00882629
14.44	-0.0126894
14.45	-0.0165513
14.46	-0.0204116
14.47	-0.0242699
14.48	-0.0281258
14.49	-0.0319789
14.5	-0.0358289
14.51	-0.0396753
14.52	-0.0435179
14.53	-0.0473563
14.54	-0.0511899
14.55	-0.0550186
14.56	-0.0588418
14.57	-0.0626593
14.58	-0.0664707
14.59	-0.0702755
14.6	-0.0740735
14.61	-0.0778641
14.62	-0.0816472
14.63	-0.0854223
14.64	-0.0891889
14.65	-0.0929469
14.66	-0.0966957
14.67	-0.100435
14.68	-0.104165
14.69	-0.107884
14.7	-0.111593
14.71	-0.115291
14.72	-0.118977
14.73	-0.122652
14.74	-0.126315
14.75	-0.129966
14.76	-0.133603
14.77	-0.137228
14.78	-0.14084
14.79	-0.144437
14.8	-0.148021
14.81	-0.15159
14.82	-0.155144
14.83	-0.158683
14.84	-0.162206
14.85	-0.165714
14.86	-0.169205
14.87	-0.17268
14.88	-0.176139
14.89	-0.179579
14.9	-0.183003
14.91	-0.186408
14.92	-0.189796
14.93	-0.193165
14.94	-0.196515
14.95	-0.199846
14.96	-0.203157
14.97	-0.206449
14.98	-0.20972
14.99	-0.212971
15	-0.216202
15.01	-0.219411
15.02	-0.222599
15.03	-0.225765
15.04	-0.228909
15.05	-0.232032
15.06	-0.235131
15.07	-0.238208
15.08	-0.241261
15.09	-0.244291
15.1	-0.247298
15.11	-0.25028
15.12	-0.253238
15.13	-0.256171
15.14	-0.25908
15.15	-0.261964
15.16	-0.264822
15.17	-0.267654
15.18	-0.27046
15.19	-0.273241
15.2	-0.275994
15.21	-0.278721
15.22	-0.281421
15.23	-0.284094
15.24	-0.28674
15.25	-0.289357
15.26	-0.291947
15.27	-0.294508
15.28	-0.297041
15.29	-0.299545
15.3	-0.30202
15.31	-0.304466
15.32	-0.306883
15.33	-0.30927
15.34	-0.311627
15.35	-0.313954
15.36	-0.316251
15.37	-0.318517
15.38	-0.320752
15.39	-0.322957
15.4	-0.32513
15.41	-0.327272
15.42	-0.329383
15.43	-0.331462
15.44	-0.333509
15.45	-0.335524
15.46	-0.337506
15.47	-0.339456
15.48	-0.341373
15.49	-0.343258
15.5	-0.345109
15.51	-0.346928
15.52	-0.348713
15.53	-0.350464
15.54	-0.352182
15.55	-0.353866
15.56	-0.355516
15.57	-0.357132
15.58	-0.358713
15.59	-0.36026
15.6	-0.361772
15.61	-0.36325
15.62	-0.364693
15.63	-0.366101
15.64	-0.367474
15.65	-0.368811
15.66	-0.370113
15.67	-0.37138
15.68	-0.372611
15.69	-0.373807
15.7	-0.374966
15.71	-0.37609
15.72	-0.377177
15.73	-0.378229
15.74	-0.379244
15.75	-0.380223
15.76	-0.381165
15.77	-0.382071
15.78	-0.382941
15.79	-0.383774
15.8	-0.38457
15.81	-0.385329
15.82	-0.386051
15.83	-0.386737
15.84	-0.387385
15.85	-0.387996
15.86	-0.388571
15.87	-0.389108
15.88	-0.389608
15.89	-0.39007
15.9	-0.390496
15.91	-0.390884
15.92	-0.391234
15.93	-0.391547
15.94	-0.391823
15.95	-0.392061
15.96	-0.392262
15.97	-0.392425
15.98	-0.392551
15.99	-0.392639
16	-0.39269
16.01	-0.392703
16.02	-0.392679
16.03	-0.392617
16.04	-0.392518
16.05	-0.392381
16.06	-0.392206
16.07	-0.391994
16.08	-0.391745
16.09	-0.391458
16.1	-0.391134
16.11	-0.390772
16.12	-0.390373
16.13	-0.389936
16.14	-0.389463
16.15	-0.388952
16.16	-0.388403
16.17	-0.387818
16.18	-0.387196
16.19	-0.386536
16.2	-0.38584
16.21	-0.385106
16.22	-0.384336
16.23	-0.383529
16.24	-0.382686
16.25	-0.381805
16.26	-0.380888
16.27	-0.379935
16.28	-0.378945
16.29	-0.377919
16.3	-0.376857
16.31	-0.375759
16.32	-0.374624
16.33	-0.373454
16.34	-0.372248
16.35	-0.371006
16.36	-0.369729
16.37	-0.368416
16.38	-0.367068
16.39	-0.365685
16.4	-0.364267
16.41	-0.362814
16.42	-0.361325
16.43	-0.359803
16.44	-0.358245
16.45	-0.356654
16.46	-0.355028
16.47	-0.353368
16.48	-0.351674
16.49	-0.349946
16.5	-0.348184
16.51	-0.34639
16.52	-0.344561
16.53	-0.3427
16.54	-0.340806
16.55	-0.338879
16.56	-0.336919
16.57	-0.334927
16.58	-0.332902
16.59	-0.330846
16.6	-0.328758
16.61	-0.326638
16.62	-0.324486
16.63	-0.322303
16.64	-0.32009
16.65	-0.317845
16.66	-0.31557
16.67	-0.313264
16.68	-0.310928
16.69	-0.308562
16.7	-0.306166
16.71	-0.303741
16.72	-0.301286
16.73	-0.298802
16.74	-0.296289
16.75	-0.293748
16.76	-0.291178
16.77	-0.28858
16.78	-0.285954
16.79	-0.283301
16.8	-0.28062
16.81	-0.277912
16.82	-0.275177
16.83	-0.272415
16.84	-0.269627
16.85	-0.266813
16.86	-0.263973
16.87	-0.261107
16.88	-0.258216
16.89	-0.2553
16.9	-0.252359
16.91	-0.249394
16.92	-0.246404
16.93	-0.243391
16.94	-0.240354
16.95	-0.237294
16.96	-0.23421
16.97	-0.231104
16.98	-0.227975
16.99	-0.224824
17	-0.221651
17.01	-0.218457
17.02	-0.215241
17.03	-0.212005
17.04	-0.208748
17.05	-0.20547
17.06	-0.202173
17.07	-0.198855
17.08	-0.195519
17.09	-0.192163
17.1	-0.188789
17.11	-0.185396
17.12	-0.181985
17.13	-0.178556
17.14	-0.17511
17.15	-0.171647
17.16	-0.168167
17.17	-0.164671
17.18	-0.161158
17.19	-0.15763
17.2	-0.154086
17.21	-0.150528
17.22	-0.146954
17.23	-0.143367
17.24	-0.139765
17.25	-0.13615
17.26	-0.132521
17.27	-0.128879
17.28	-0.125225
17.29	-0.121558
17.3	-0.11788
17.31	-0.11419
17.32	-0.110489
17.33	-0.106777
17.34	-0.103055
17.35	-0.0993221
17.36	-0.0955798
17.37	-0.0918283
17.38	-0.0880677
17.39	-0.0842985
17.4	-0.080521
17.41	-0.0767356
17.42	-0.0729427
17.43	-0.0691427
17.44	-0.0653359
17.45	-0.0615227
17.46	-0.0577034
17.47	-0.0538785
17.48	-0.0500483
17.49	-0.0462132
17.5	-0.0423736
17.51	-0.0385298
17.52	-0.0346822
17.53	-0.0308313
17.54	-0.0269773
17.55	-0.0231206
17.56	-0.0192617
17.57	-0.0154009
17.58	-0.0115386
17.59	-0.0076752
17.6	-0.00381102
17.61	5.35478e-05
17.62	0.00391811
17.63	0.00778228
17.64	0.0116457
17.65	0.015508
17.66	0.0193687
17.67	0.0232275
17.68	0.0270841
17.69	0.030938
17.7	0.0347889
17.71	0.0386364
17.72	0.04248
17.73	0.0463196
17.74	0.0501545
17.75	0.0539846
17.76	0.0578093
17.77	0.0616284
17.78	0.0654415
17.79	0.0692481
17.8	0.0730479
17.81	0.0768406
17.82	0.0806258
17.83	0.084403
17.84	0.088172
17.85	0.0919323
17.86	0.0956837
17.87	0.0994256
17.88	0.103158
17.89	0.10688
17.9	0.110592
17.91	0.114292
17.92	0.117982
17.93	0.12166
17.94	0.125326
17.95	0.12898
17.96	0.132622
17.97	0.13625
17.98	0.139865
17.99	0.143466
18	0.147054
18.01	0.150627
18.02	0.154185
18.03	0.157728
18.04	0.161256
18.05	0.164768
18.06	0.168264
18.07	0.171743
18.08	0.175206
18.09	0.178651
18.1	0.18208
18.11	0.18549
18.12	0.188882
18.13	0.192256
18.14	0.195611
18.15	0.198947
18.16	0.202264
18.17	0.205561
18.18	0.208838
18.19	0.212095
18.2	0.215331
18.21	0.218546
18.22	0.22174
18.23	0.224912
18.24	0.228062
18.25	0.23119
18.26	0.234296
18.27	0.237379
18.28	0.240438
18.29	0.243475
18.3	0.246488
18.31	0.249477
18.32	0.252441
18.33	0.255381
18.34	0.258297
18.35	0.261187
18.36	0.264052
18.37	0.266891
18.38	0.269705
18.39	0.272492
18.4	0.275253
18.41	0.277987
18.42	0.280695
18.43	0.283375
18.44	0.286028
18.45	0.288653
18.46	0.29125
18.47	0.293819
18.48	0.296359
18.49	0.298871
18.5	0.301354
18.51	0.303808
18.52	0.306233
18.53	0.308628
18.54	0.310993
18.55	0.313328
18.56	0.315633
18.57	0.317908
18.58	0.320151
18.59	0.322364
18.6	0.324546
18.61	0.326697
18.62	0.328816
18.63	0.330903
18.64	0.332959
18.65	0.334982
18.66	0.336974
18.67	0.338932
18.68	0.340859
18.69	0.342752
18.7	0.344612
18.71	0.34644
18.72	0.348234
18.73	0.349994
18.74	0.351721
18.75	0.353414
18.76	0.355073
18.77	0.356698
18.78	0.358289
18.79	0.359845
18.8	0.361367
18.81	0.362854
18.82	0.364307
18.83	0.365724
18.84	0.367106
18.85	0.368453
18.86	0.369765
18.87	0.371041
18.88	0.372282
18.89	0.373487
18.9	0.374656
18.91	0.37579
18.92	0.376887
18.93	0.377948
18.94	0.378973
18.95	0.379962
18.96	0.380914
18.97	0.38183
18.98	0.382709
18.99	0.383552
19	0.384358
19.01	0.385127
19.02	0.38586
19.03	0.386555
19.04	0.387213
19.05	0.387835
19.06	0.388419
19.07	0.388966
19.08	0.389476
19.09	0.389949
19.1	0.390384
19.11	0.390782
19.12	0.391143
19.13	0.391466
19.14	0.391752
19.15	0.392001
19.16	0.392212
19.17	0.392385
19.18	0.392521
19.19	0.392619
19.2	0.39268
19.21	0.392703
19.22	0.392689
19.23	0.392638
19.24	0.392548
19.25	0.392421
19.26	0.392257
19.27	0.392055
19.28	0.391816
19.29	0.391539
19.3	0.391225
19.31	0.390873
19.32	0.390484
19.33	0.390058
19.34	0.389594
19.35	0.389093
19.36	0.388555
19.37	0.38798
19.38	0.387368
19.39	0.386718
19.4	0.386032
19.41	0.385308
19.42	0.384548
19.43	0.383751
19.44	0.382917
19.45	0.382047
19.46	0.38114
19.47	0.380196
19.48	0.379216
19.49	0.3782
19.5	0.377148
19.51	0.376059
19.52	0.374934
19.53	0.373774
19.54	0.372578
19.55	0.371345
19.56	0.370078
19.57	0.368775
19.58	0.367436
19.59	0.366062
19.6	0.364654
19.61	0.36321
19.62	0.361731
19.63	0.360218
19.64	0.35867
19.65	0.357087
19.66	0.35547
19.67	0.35382
19.68	0.352135
19.69	0.350416
19.7	0.348664
19.71	0.346878
19.72	0.345059
19.73	0.343206
19.74	0.341321
19.75	0.339403
19.76	0.337452
19.77	0.335468
19.78	0.333453
19.79	0.331405
19.8	0.329325
19.81	0.327214
19.82	0.325071
19.83	0.322896
19.84	0.320691
19.85	0.318454
19.86	0.316187
19.87	0.31389
19.88	0.311562
19.89	0.309204
19.9	0.306816
19.91	0.304399
19.92	0.301952
19.93	0.299476
19.94	0.296971
19.95	0.294437
19.96	0.291875
19.97	0.289285
19.98	0.286667
19.99	0.284021
20	0.281347
20.01	0.278646
20.02	0.275918
20.03	0.273164
20.04	0.270383
20.05	0.267576
20.06	0.264743
20.07	0.261884
20.08	0.259
20.09	0.256091
20.1	0.253156
20.11	0.250198
20.12	0.247215
20.13	0.244208
20.14	0.241177
20.15	0.238123
20.16	0.235045
20.17	0.231945
20.18	0.228823
20.19	0.225678
20.2	0.222511
20.21	0.219322
20.22	0.216112
20.23	0.212881
20.24	0.20963
20.25	0.206358
20.26	0.203066
20.27	0.199754
20.28	0.196422
20.29	0.193072
20.3	0.189702
20.31	0.186314
20.32	0.182908
20.33	0.179484
20.34	0.176043
20.35	0.172584
20.36	0.169109
20.37	0.165617
20.38	0.162109
20.39	0.158585
20.4	0.155045
20.41	0.151491
20.42	0.147921
20.43	0.144338
20.44	0.14074
20.45	0.137128
20.46	0.133503
20.47	0.129865
20.48	0.126214
20.49	0.12255
20.5	0.118875
20.51	0.115188
20.52	0.11149
20.53	0.107781
20.54	0.104061
20.55	0.100332
20.56	0.096592
20.57	0.0928429
20.58	0.0890847
20.59	0.0853178
20.6	0.0815425
20.61	0.0777592
20.62	0.0739683
20.63	0.0701702
20.64	0.0663652
20.65	0.0625536
20.66	0.058736
20.67	0.0549126
20.68	0.0510838
20.69	0.0472499
20.7	0.0434115
20.71	0.0395688
20.72	0.0357222
20.73	0.0318721
20.74	0.0280189
20.75	0.024163
20.76	0.0203046
20.77	0.0164443
20.78	0.0125824
20.79	0.00871923
20.8	0.0048552
20.81	0.000990703
20.82	-0.00287389
20.83	-0.00673821
20.84	-0.0106019
20.85	-0.0144645
20.86	-0.0183257
20.87	-0.0221851
20.88	-0.0260423
20.89	-0.029897
20.9	-0.0337487
20.91	-0.0375971
20.92	-0.0414418
20.93	-0.0452825
20.94	-0.0491188
20.95	-0.0529502
20.96	-0.0567764
20.97	-0.060597
20.98	-0.0644118
20.99	-0.0682202
21	-0.0720219
21.01	-0.0758165
21.02	-0.0796038
21.03	-0.0833832
21.04	-0.0871544
21.05	-0.0909171
21.06	-0.0946709
21.07	-0.0984155
21.08	-0.10215
21.09	-0.105875
21.1	-0.10959
21.11	-0.113294
21.12	-0.116986
21.13	-0.120668
21.14	-0.124337
21.15	-0.127994
21.16	-0.131639
21.17	-0.135271
21.18	-0.13889
21.19	-0.142495
21.2	-0.146086
21.21	-0.149663
21.22	-0.153225
21.23	-0.156772
21.24	-0.160304
21.25	-0.16382
21.26	-0.167321
21.27	-0.170805
21.28	-0.174272
21.29	-0.177722
21.3	-0.181155
21.31	-0.18457
21.32	-0.187968
21.33	-0.191346
21.34	-0.194707
21.35	-0.198048
21.36	-0.20137
21.37	-0.204672
21.38	-0.207955
21.39	-0.211217
21.4	-0.214458
21.41	-0.217679
21.42	-0.220879
21.43	-0.224057
21.44	-0.227213
21.45	-0.230347
21.46	-0.233459
21.47	-0.236548
21.48	-0.239614
21.49	-0.242657
21.5	-0.245676
21.51	-0.248671
21.52	-0.251642
21.53	-0.254589
21.54	-0.257511
21.55	-0.260408
21.56	-0.26328
21.57	-0.266127
21.58	-0.268947
21.59	-0.271741
21.6	-0.27451
21.61	-0.277251
21.62	-0.279966
21.63	-0.282653
21.64	-0.285313
21.65	-0.287946
21.66	-0.290551
21.67	-0.293127
21.68	-0.295676
21.69	-0.298195
21.7	-0.300686
21.71	-0.303148
21.72	-0.305581
21.73	-0.307984
21.74	-0.310357
21.75	-0.3127
21.76	-0.315013
21.77	-0.317296
21.78	-0.319548
21.79	-0.321769
21.8	-0.32396
21.81	-0.326119
21.82	-0.328246
21.83	-0.330342
21.84	-0.332407
21.85	-0.334439
21.86	-0.336439
21.87	-0.338406
21.88	-0.340341
21.89	-0.342244
21.9	-0.344113
21.91	-0.345949
21.92	-0.347752
21.93	-0.349522
21.94	-0.351258
21.95	-0.35296
21.96	-0.354628
21.97	-0.356263
21.98	-0.357863
21.99	-0.359428
22	-0.360959
22.01	-0.362456
22.02	-0.363918
22.03	-0.365344
22.04	-0.366736
22.05	-0.368093
22.06	-0.369414
22.07	-0.3707
22.08	-0.37195
22.09	-0.373165
22.1	-0.374344
22.11	-0.375487
22.12	-0.376594
22.13	-0.377665
22.14	-0.3787
22.15	-0.379698
22.16	-0.380661
22.17	-0.381586
22.18	-0.382475
22.19	-0.383328
22.2	-0.384144
22.21	-0.384923
22.22	-0.385665
22.23	-0.386371
22.24	-0.387039
22.25	-0.387671
22.26	-0.388265
22.27	-0.388822
22.28	-0.389342
22.29	-0.389825
22.3	-0.39027
22.31	-0.390678
22.32	-0.391049
22.33	-0.391383
22.34	-0.391679
22.35	-0.391937
22.36	-0.392158
22.37	-0.392342
22.38	-0.392488
22.39	-0.392596
22.4	-0.392667
22.41	-0.392701
22.42	-0.392697
22.43	-0.392655
22.44	-0.392576
22.45	-0.392459
22.46	-0.392305
22.47	-0.392113
22.48	-0.391884
22.49	-0.391618
22.5	-0.391313
22.51	-0.390972
22.52	-0.390593
22.53	-0.390177
22.54	-0.389723
22.55	-0.389232
22.56	-0.388704
22.57	-0.388139
22.58	-0.387537
22.59	-0.386897
22.6	-0.386221
22.61	-0.385507
22.62	-0.384757
22.63	-0.38397
22.64	-0.383146
22.65	-0.382286
22.66	-0.381388
22.67	-0.380455
22.68	-0.379485
22.69	-0.378478
22.7	-0.377436
22.71	-0.376357
22.72	-0.375242
22.73	-0.374091
22.74	-0.372904
22.75	-0.371682
22.76	-0.370424
22.77	-0.36913
22.78	-0.367801
22.79	-0.366437
22.8	-0.365038
22.81	-0.363603
22.82	-0.362134
22.83	-0.36063
22.84	-0.359091
22.85	-0.357518
22.86	-0.355911
22.87	-0.354269
22.88	-0.352593
22.89	-0.350884
22.9	-0.349141
22.91	-0.347364
22.92	-0.345553
22.93	-0.34371
22.94	-0.341833
22.95	-0.339924
22.96	-0.337982
22.97	-0.336007
22.98	-0.334
22.99	-0.331961
23	-0.32989
23.01	-0.327787
23.02	-0.325653
23.03	-0.323487
23.04	-0.32129
23.05	-0.319062
23.06	-0.316803
23.07	-0.314514
23.08	-0.312194
23.09	-0.309844
23.1	-0.307464
23.11	-0.305055
23.12	-0.302616
23.13	-0.300148
23.14	-0.297651
23.15	-0.295125
23.16	-0.29257
23.17	-0.289988
23.18	-0.287377
23.19	-0.284738
23.2	-0.282072
23.21	-0.279379
23.22	-0.276658
23.23	-0.273911
23.24	-0.271137
23.25	-0.268337
23.26	-0.265511
23.27	-0.262659
23.28	-0.259782
23.29	-0.256879
23.3	-0.253952
23.31	-0.251
23.32	-0.248023
23.33	-0.245023
23.34	-0.241998
23.35	-0.23895
23.36	-0.235879
23.37	-0.232785
23.38	-0.229669
23.39	-0.22653
23.4	-0.223369
23.41	-0.220186
23.42	-0.216982
23.43	-0.213756
23.44	-0.21051
23.45	-0.207244
23.46	-0.203957
23.47	-0.20065
23.48	-0.197324
23.49	-0.193979
23.5	-0.190614
23.51	-0.187232
23.52	-0.18383
23.53	-0.180411
23.54	-0.176975
23.55	-0.173521
23.56	-0.17005
23.57	-0.166562
23.58	-0.163058
23.59	-0.159539
23.6	-0.156003
23.61	-0.152453
23.62	-0.148887
23.63	-0.145307
23.64	-0.141713
23.65	-0.138105
23.66	-0.134484
23.67	-0.130849
23.68	-0.127201
23.69	-0.123541
23.7	-0.119869
23.71	-0.116186
23.72	-0.11249
23.73	-0.108784
23.74	-0.105068
23.75	-0.10134
23.76	-0.0976034
23.77	-0.0938568
23.78	-0.090101
23.79	-0.0863364
23.8	-0.0825634
23.81	-0.0787822
23.82	-0.0749934
23.83	-0.0711972
23.84	-0.067394
23.85	-0.0635842
23.86	-0.0597681
23.87	-0.0559462
23.88	-0.0521188
23.89	-0.0482863
23.9	-0.0444491
23.91	-0.0406075
23.92	-0.036762
23.93	-0.0329128
23.94	-0.0290604
23.95	-0.0252051
23.96	-0.0213474
23.97	-0.0174876
23.98	-0.0136261
23.99	-0.00976318
24	-0.00589936
24.01	-0.00203495
24.02	0.00182966
24.03	0.00569409
24.04	0.00955796
24.05	0.0134209
24.06	0.0172825
24.07	0.0211424
24.08	0.0250003
24.09	0.0288557
24.1	0.0327082
24.11	0.0365576
24.12	0.0404034
24.13	0.0442452
24.14	0.0480826
24.15	0.0519154
24.16	0.055743
24.17	0.0595652
24.18	0.0633816
24.19	0.0671917
24.2	0.0709953
24.21	0.0747919
24.22	0.0785812
24.23	0.0823627
24.24	0.0861362
24.25	0.0899013
24.26	0.0936575
24.27	0.0974046
24.28	0.101142
24.29	0.10487
24.3	0.108587
24.31	0.112294
24.32	0.11599
24.33	0.119674
24.34	0.123347
24.35	0.127007
24.36	0.130655
24.37	0.134291
24.38	0.137913
24.39	0.141522
24.4	0.145117
24.41	0.148698
24.42	0.152264
24.43	0.155815
24.44	0.159351
24.45	0.162872
24.46	0.166376
24.47	0.169865
24.48	0.173337
24.49	0.176792
24.5	0.180229
24.51	0.183649
24.52	0.187051
24.53	0.190435
24.54	0.193801
24.55	0.197147
24.56	0.200474
24.57	0.203782
24.58	0.20707
24.59	0.210337
24.6	0.213585
24.61	0.216811
24.62	0.220016
24.63	0.2232
24.64	0.226362
24.65	0.229502
24.66	0.23262
24.67	0.235715
24.68	0.238788
24.69	0.241837
24.7	0.244862
24.71	0.247864
24.72	0.250842
24.73	0.253795
24.74	0.256724
24.75	0.259628
24.76	0.262507
24.77	0.26536
24.78	0.268187
24.79	0.270989
24.8	0.273764
24.81	0.276513
24.82	0.279235
24.83	0.28193
24.84	0.284597
24.85	0.287237
24.86	0.28985
24.87	0.292434
24.88	0.29499
24.89	0.297517
24.9	0.300016
24.91	0.302486
24.92	0.304926
24.93	0.307337
24.94	0.309718
24.95	0.31207
24.96	0.314391
24.97	0.316682
24.98	0.318943
24.99	0.321172
25	0.323371
25.01	0.325538
25.02	0.327675
25.03	0.329779
25.04	0.331852
25.05	0.333893
25.06	0.335902
25.07	0.337878
25.08	0.339822
25.09	0.341733
25.1	0.343611
25.11	0.345456
25.12	0.347268
25.13	0.349047
25.14	0.350792
25.15	0.352503
25.16	0.354181
25.17	0.355824
25.18	0.357434
25.19	0.359009
25.2	0.360549
25.21	0.362055
25.22	0.363526
25.23	0.364962
25.24	0.366364
25.25	0.36773
25.26	0.369061
25.27	0.370356
25.28	0.371616
25.29	0.37284
25.3	0.374029
25.31	0.375182
25.32	0.376298
25.33	0.377379
25.34	0.378424
25.35	0.379432
25.36	0.380404
25.37	0.38134
25.38	0.382239
25.39	0.383101
25.4	0.383927
25.41	0.384716
25.42	0.385468
25.43	0.386184
25.44	0.386862
25.45	0.387504
25.46	0.388108
25.47	0.388675
25.48	0.389205
25.49	0.389698
25.5	0.390154
25.51	0.390572
25.52	0.390953
25.53	0.391296
25.54	0.391602
25.55	0.391871
25.56	0.392102
25.57	0.392296
25.58	0.392452
25.59	0.392571
25.6	0.392652
25.61	0.392696
25.62	0.392702
25.63	0.39267
25.64	0.392601
25.65	0.392495
25.66	0.392351
25.67	0.392169
25.68	0.39195
25.69	0.391693
25.7	0.391399
25.71	0.391068
25.72	0.390699
25.73	0.390293
25.74	0.389849
25.75	0.389369
25.76	0.388851
25.77	0.388295
25.78	0.387703
25.79	0.387074
25.8	0.386407
25.81	0.385704
25.82	0.384963
25.83	0.384186
25.84	0.383372
25.85	0.382522
25.86	0.381634
25.87	0.380711
25.88	0.37975
25.89	0.378754
25.9	0.377721
25.91	0.376652
25.92	0.375547
25.93	0.374406
25.94	0.373228
25.95	0.372016
25.96	0.370767
25.97	0.369483
25.98	0.368164
25.99	0.366809
26	0.365419
26.01	0.363994
26.02	0.362534
26.03	0.36104
26.04	0.35951
26.05	0.357947
26.06	0.356348
26.07	0.354716
26.08	0.353049
26.09	0.351349
26.1	0.349615
26.11	0.347847
26.12	0.346046
26.13	0.344211
26.14	0.342344
26.15	0.340443
26.16	0.33851
26.17	0.336544
26.18	0.334546
26.19	0.332515
26.2	0.330453
26.21	0.328359
26.22	0.326233
26.23	0.324075
26.24	0.321887
26.25	0.319667
26.26	0.317416
26.27	0.315135
26.28	0.312824
26.29	0.310482
26.3	0.30811
26.31	0.305709
26.32	0.303278
26.33	0.300818
26.34	0.298328
26.35	0.29581
26.36	0.293263
26.37	0.290688
26.38	0.288085
26.39	0.285454
26.4	0.282795
26.41	0.280109
26.42	0.277396
26.43	0.274656
26.44	0.271889
26.45	0.269096
26.46	0.266277
26.47	0.263432
26.48	0.260562
26.49	0.257666
26.5	0.254745
26.51	0.2518
26.52	0.24883
26.53	0.245836
26.54	0.242818
26.55	0.239776
26.56	0.236711
26.57	0.233623
26.58	0.230513
26.59	0.22738
26.6	0.224225
26.61	0.221048
26.62	0.21785
26.63	0.21463
26.64	0.21139
26.65	0.208128
26.66	0.204847
26.67	0.201546
26.68	0.198225
26.69	0.194885
26.7	0.191525
26.71	0.188147
26.72	0.184751
26.73	0.181337
26.74	0.177905
26.75	0.174456
26.76	0.170989
26.77	0.167506
26.78	0.164007
26.79	0.160491
26.8	0.15696
26.81	0.153414
26.82	0.149852
26.83	0.146276
26.84	0.142686
26.85	0.139081
26.86	0.135463
26.87	0.131832
26.88	0.128188
26.89	0.124532
26.9	0.120863
26.91	0.117182
26.92	0.11349
26.93	0.109787
26.94	0.106073
26.95	0.102348
26.96	0.0986141
26.97	0.0948701
26.98	0.0911168
26.99	0.0873545
27	0.0835837
27.01	0.0798047
27.02	0.0760179
27.03	0.0722236
27.04	0.0684223
27.05	0.0646142
27.06	0.0607998
27.07	0.0569795
27.08	0.0531535
27.09	0.0493224
27.1	0.0454864
27.11	0.041646
27.12	0.0378014
27.13	0.0339532
27.14	0.0301016
27.15	0.0262471
27.16	0.02239
27.17	0.0185307
27.18	0.0146696
27.19	0.0108071
27.2	0.00694347
27.21	0.00307918
27.22	-0.000785414
27.23	-0.00464993
27.24	-0.00851399
27.25	-0.0123772
27.26	-0.0162392
27.27	-0.0200996
27.28	-0.0239581
27.29	-0.0278142
27.3	-0.0316675
27.31	-0.0355178
27.32	-0.0393646
27.33	-0.0432075
27.34	-0.0470462
27.35	-0.0508802
27.36	-0.0547093
27.37	-0.058533
27.38	-0.062351
27.39	-0.0661628
27.4	-0.0699682
27.41	-0.0737667
27.42	-0.077558
27.43	-0.0813417
27.44	-0.0851174
27.45	-0.0888848
27.46	-0.0926435
27.47	-0.096393
27.48	-0.100133
27.49	-0.103864
27.5	-0.107584
27.51	-0.111293
27.52	-0.114992
27.53	-0.11868
27.54	-0.122355
27.55	-0.126019
27.56	-0.129671
27.57	-0.13331
27.58	-0.136936
27.59	-0.140548
27.6	-0.144147
27.61	-0.147731
27.62	-0.151302
27.63	-0.154857
27.64	-0.158397
27.65	-0.161922
27.66	-0.165431
27.67	-0.168924
27.68	-0.1724
27.69	-0.17586
27.7	-0.179302
27.71	-0.182727
27.72	-0.186134
27.73	-0.189523
27.74	-0.192893
27.75	-0.196245
27.76	-0.199577
27.77	-0.20289
27.78	-0.206183
27.79	-0.209456
27.8	-0.212709
27.81	-0.215941
27.82	-0.219152
27.83	-0.222342
27.84	-0.22551
27.85	-0.228656
27.86	-0.23178
27.87	-0.234881
27.88	-0.23796
27.89	-0.241015
27.9	-0.244047
27.91	-0.247056
27.92	-0.25004
27.93	-0.253
27.94	-0.255935
27.95	-0.258846
27.96	-0.261731
27.97	-0.264592
27.98	-0.267426
27.99	-0.270235
28	-0.273017
28.01	-0.275773
28.02	-0.278502
28.03	-0.281204
28.04	-0.283879
28.05	-0.286527
28.06	-0.289147
28.07	-0.291738
28.08	-0.294302
28.09	-0.296837
28.1	-0.299344
28.11	-0.301821
28.12	-0.30427
28.13	-0.306689
28.14	-0.309078
28.15	-0.311437
28.16	-0.313767
28.17	-0.316066
28.18	-0.318335
28.19	-0.320573
28.2	-0.32278
28.21	-0.324956
28.22	-0.327101
28.23	-0.329214
28.24	-0.331295
28.25	-0.333345
28.26	-0.335362
28.27	-0.337347
28.28	-0.3393
28.29	-0.34122
28.3	-0.343107
28.31	-0.344961
28.32	-0.346782
28.33	-0.34857
28.34	-0.350324
28.35	-0.352044
28.36	-0.353731
28.37	-0.355384
28.38	-0.357002
28.39	-0.358586
28.4	-0.360136
28.41	-0.361651
28.42	-0.363132
28.43	-0.364578
28.44	-0.365988
28.45	-0.367364
28.46	-0.368704
28.47	-0.370009
28.48	-0.371279
28.49	-0.372513
28.5	-0.373711
28.51	-0.374874
28.52	-0.376
28.53	-0.377091
28.54	-0.378145
28.55	-0.379163
28.56	-0.380145
28.57	-0.38109
28.58	-0.381999
28.59	-0.382872
28.6	-0.383708
28.61	-0.384507
28.62	-0.385269
28.63	-0.385994
28.64	-0.386683
28.65	-0.387334
28.66	-0.387948
28.67	-0.388526
28.68	-0.389066
28.69	-0.389569
28.7	-0.390034
28.71	-0.390463
28.72	-0.390854
28.73	-0.391207
28.74	-0.391523
28.75	-0.391802
28.76	-0.392043
28.77	-0.392247
28.78	-0.392414
28.79	-0.392542
28.8	-0.392634
28.81	-0.392687
28.82	-0.392704
28.83	-0.392682
28.84	-0.392623
28.85	-0.392527
28.86	-0.392393
28.87	-0.392222
28.88	-0.392013
28.89	-0.391766
28.9	-0.391482
28.91	-0.391161
28.92	-0.390802
28.93	-0.390406
28.94	-0.389973
28.95	-0.389502
28.96	-0.388994
28.97	-0.388449
28.98	-0.387867
28.99	-0.387247
29	-0.386591
29.01	-0.385898
29.02	-0.385167
29.03	-0.3844
29.04	-0.383596
29.05	-0.382755
29.06	-0.381878
29.07	-0.380964
29.08	-0.380013
29.09	-0.379027
29.1	-0.378004
29.11	-0.376944
29.12	-0.375849
29.13	-0.374717
29.14	-0.37355
29.15	-0.372347
29.16	-0.371108
29.17	-0.369834
29.18	-0.368524
29.19	-0.367179
29.2	-0.365798
29.21	-0.364383
29.22	-0.362932
29.23	-0.361447
29.24	-0.359927
29.25	-0.358373
29.26	-0.356784
29.27	-0.35516
29.28	-0.353503
29.29	-0.351812
29.3	-0.350087
29.31	-0.348328
29.32	-0.346536
29.33	-0.34471
29.34	-0.342852
29.35	-0.34096
29.36	-0.339036
29.37	-0.337078
29.38	-0.335089
29.39	-0.333067
29.4	-0.331013
29.41	-0.328928
29.42	-0.32681
29.43	-0.324661
29.44	-0.322481
29.45	-0.32027
29.46	-0.318028
29.47	-0.315755
29.48	-0.313451
29.49	-0.311118
29.5	-0.308754
29.51	-0.306361
29.52	-0.303938
29.53	-0.301485
29.54	-0.299004
29.55	-0.296493
29.56	-0.293954
29.57	-0.291387
29.58	-0.288791
29.59	-0.286168
29.6	-0.283516
29.61	-0.280838
29.62	-0.278132
29.63	-0.275399
29.64	-0.272639
29.65	-0.269853
29.66	-0.267041
29.67	-0.264203
29.68	-0.26134
29.69	-0.258451
29.7	-0.255537
29.71	-0.252598
29.72	-0.249635
29.73	-0.246647
29.74	-0.243636
29.75	-0.2406
29.76	-0.237542
29.77	-0.23446
29.78	-0.231356
29.79	-0.228229
29.8	-0.22508
29.81	-0.221909
29.82	-0.218716
29.83	-0.215502
29.84	-0.212267
29.85	-0.209012
29.86	-0.205736
29.87	-0.20244
29.88	-0.199124
29.89	-0.195789
29.9	-0.192435
29.91	-0.189062
29.92	-0.185671
29.93	-0.182261
29.94	-0.178834
29.95	-0.175389
29.96	-0.171927
29.97	-0.168449
29.98	-0.164954
29.99	-0.161443
