0	1000
0	1000
0.01	999.999
0.02	999.997
0.03	999.994
0.04	999.99
0.05	999.985
0.06	999.979
0.07	999.973
0.08	999.965
0.09	999.956
0.1	999.946
0.11	999.935
0.12	999.923
0.13	999.911
0.14	999.897
0.15	999.882
0.16	999.867
0.17	999.85
0.18	999.832
0.19	999.814
0.2	999.794
0.21	999.773
0.22	999.752
0.23	999.729
0.24	999.706
0.25	999.681
0.26	999.656
0.27	999.629
0.28	999.602
0.29	999.573
0.3	999.544
0.31	999.513
0.32	999.482
0.33	999.45
0.34	999.416
0.35	999.382
0.36	999.347
0.37	999.31
0.38	999.273
0.39	999.235
0.4	999.196
0.41	999.155
0.42	999.114
0.43	999.072
0.44	999.029
0.45	998.985
0.46	998.94
0.47	998.893
0.48	998.846
0.49	998.798
0.5	998.749
0.51	998.699
0.52	998.648
0.53	998.596
0.54	998.543
0.55	998.489
0.56	998.434
0.57	998.378
0.58	998.322
0.59	998.264
0.6	998.205
0.61	998.145
0.62	998.084
0.63	998.022
0.64	997.96
0.65	997.896
0.66	997.831
0.67	997.765
0.68	997.699
0.69	997.631
0.7	997.562
0.71	997.493
0.72	997.422
0.73	997.35
0.74	997.278
0.75	997.204
0.76	997.13
0.77	997.054
0.78	996.978
0.79	996.9
0.8	996.822
0.81	996.742
0.82	996.662
0.83	996.58
0.84	996.498
0.85	996.414
0.86	996.33
0.87	996.245
0.88	996.158
0.89	996.071
0.9	995.983
0.91	995.894
0.92	995.803
0.93	995.712
0.94	995.62
0.95	995.527
0.96	995.432
0.97	995.337
0.98	995.241
0.99	995.144
1	995.046
1.01	994.947
1.02	994.847
1.03	994.746
1.04	994.644
1.05	994.541
1.06	994.437
1.07	994.332
1.08	994.226
1.09	994.119
1.1	994.011
1.11	993.902
1.12	993.792
1.13	993.681
1.14	993.57
1.15	993.457
1.16	993.343
1.17	993.228
1.18	993.112
1.19	992.996
1.2	992.878
1.21	992.759
1.22	992.64
1.23	992.519
1.24	992.397
1.25	992.275
1.26	992.151
1.27	992.026
1.28	991.901
1.29	991.774
1.3	991.647
1.31	991.518
1.32	991.389
1.33	991.258
1.34	991.127
1.35	990.994
1.36	990.861
1.37	990.727
1.38	990.591
1.39	990.455
1.4	990.318
1.41	990.179
1.42	990.04
1.43	989.9
1.44	989.758
1.45	989.616
1.46	989.473
1.47	989.329
1.48	989.183
1.49	989.037
1.5	988.89
1.51	988.742
1.52	988.593
1.53	988.443
1.54	988.292
1.55	988.14
1.56	987.987
1.57	987.833
1.58	987.678
1.59	987.522
1.6	987.365
1.61	987.207
1.62	987.048
1.63	986.888
1.64	986.727
1.65	986.565
1.66	986.402
1.67	986.239
1.68	986.074
1.69	985.908
1.7	985.741
1.71	985.573
1.72	985.405
1.73	985.235
1.74	985.064
1.75	984.893
1.76	984.72
1.77	984.546
1.78	984.372
1.79	984.196
1.8	984.02
1.81	983.842
1.82	983.663
1.83	983.484
1.84	983.303
1.85	983.122
1.86	982.939
1.87	982.756
1.88	982.572
1.89	982.386
1.9	982.2
1.91	982.012
1.92	981.824
1.93	981.635
1.94	981.444
1.95	981.253
1.96	981.061
1.97	980.868
1.98	980.673
1.99	980.478
2	980.282
2.01	980.085
2.02	979.887
2.03	979.687
2.04	979.487
2.05	979.286
2.06	979.084
2.07	978.881
2.08	978.677
2.09	978.472
2.1	978.266
2.11	978.059
2.12	977.851
2.13	977.642
2.14	977.432
2.15	977.221
2.16	977.009
2.17	976.796
2.18	976.583
2.19	976.368
2.2	976.152
2.21	975.935
2.22	975.717
2.23	975.499
2.24	975.279
2.25	975.058
2.26	974.836
2.27	974.614
2.28	974.39
2.29	974.165
2.3	973.94
2.31	973.713
2.32	973.486
2.33	973.257
2.34	973.027
2.35	972.797
2.36	972.565
2.37	972.333
2.38	972.099
2.39	971.865
2.4	971.629
2.41	971.393
2.42	971.156
2.43	970.917
2.44	970.678
2.45	970.438
2.46	970.196
2.47	969.954
2.48	969.711
2.49	969.466
2.5	969.221
2.51	968.975
2.52	968.728
2.53	968.479
2.54	968.23
2.55	967.98
2.56	967.729
2.57	967.477
2.58	967.224
2.59	966.97
2.6	966.715
2.61	966.459
2.62	966.202
2.63	965.944
2.64	965.685
2.65	965.425
2.66	965.164
2.67	964.902
2.68	964.639
2.69	964.375
2.7	964.11
2.71	963.844
2.72	963.577
2.73	963.31
2.74	963.041
2.75	962.771
2.76	962.5
2.77	962.229
2.78	961.956
2.79	961.682
2.8	961.407
2.81	961.132
2.82	960.855
2.83	960.578
2.84	960.299
2.85	960.019
2.86	959.739
2.87	959.457
2.88	959.175
2.89	958.891
2.9	958.607
2.91	958.321
2.92	958.035
2.93	957.747
2.94	957.459
2.95	957.17
2.96	956.879
2.97	956.588
2.98	956.295
2.99	956.002
3	955.708
3.01	955.413
3.02	955.116
3.03	954.819
3.04	954.521
3.05	954.222
3.06	953.921
3.07	953.62
3.08	953.318
3.09	953.015
3.1	952.711
3.11	952.406
3.12	952.1
3.13	951.793
3.14	951.485
3.15	951.176
3.16	950.866
3.17	950.555
3.18	950.243
3.19	949.93
3.2	949.616
3.21	949.301
3.22	948.985
3.23	948.668
3.24	948.35
3.25	948.032
3.26	947.712
3.27	947.391
3.28	947.069
3.29	946.746
3.3	946.423
3.31	946.098
3.32	945.772
3.33	945.446
3.34	945.118
3.35	944.789
3.36	944.46
3.37	944.129
3.38	943.798
3.39	943.465
3.4	943.131
3.41	942.797
3.42	942.461
3.43	942.125
3.44	941.787
3.45	941.449
3.46	941.11
3.47	940.769
3.48	940.428
3.49	940.085
3.5	939.742
3.51	939.398
3.52	939.052
3.53	938.706
3.54	938.359
3.55	938.011
3.56	937.661
3.57	937.311
3.58	936.96
3.59	936.608
3.6	936.255
3.61	935.9
3.62	935.545
3.63	935.189
3.64	934.832
3.65	934.474
3.66	934.115
3.67	933.755
3.68	933.394
3.69	933.032
3.7	932.669
3.71	932.305
3.72	931.94
3.73	931.574
3.74	931.207
3.75	930.839
3.76	930.471
3.77	930.101
3.78	929.73
3.79	929.358
3.8	928.985
3.81	928.612
3.82	928.237
3.83	927.861
3.84	927.484
3.85	927.107
3.86	926.728
3.87	926.348
3.88	925.968
3.89	925.586
3.9	925.204
3.91	924.82
3.92	924.436
3.93	924.05
3.94	923.663
3.95	923.276
3.96	922.888
3.97	922.498
3.98	922.108
3.99	921.716
4	921.324
4.01	920.93
4.02	920.536
4.03	920.141
4.04	919.744
4.05	919.347
4.06	918.949
4.07	918.55
4.08	918.149
4.09	917.748
4.1	917.346
4.11	916.943
4.12	916.538
4.13	916.133
4.14	915.727
4.15	915.32
4.16	914.912
4.17	914.503
4.18	914.093
4.19	913.682
4.2	913.27
4.21	912.857
4.22	912.443
4.23	912.028
4.24	911.612
4.25	911.195
4.26	910.777
4.27	910.358
4.28	909.938
4.29	909.517
4.3	909.096
4.31	908.673
4.32	908.249
4.33	907.824
4.34	907.399
4.35	906.972
4.36	906.544
4.37	906.115
4.38	905.686
4.39	905.255
4.4	904.823
4.41	904.391
4.42	903.957
4.43	903.523
4.44	903.087
4.45	902.65
4.46	902.213
4.47	901.774
4.48	901.335
4.49	900.894
4.5	900.453
4.51	900.011
4.52	899.567
4.53	899.123
4.54	898.677
4.55	898.231
4.56	897.784
4.57	897.335
4.58	896.886
4.59	896.436
4.6	895.985
4.61	895.532
4.62	895.079
4.63	894.625
4.64	894.17
4.65	893.714
4.66	893.256
4.67	892.798
4.68	892.339
4.69	891.879
4.7	891.418
4.71	890.956
4.72	890.493
4.73	890.029
4.74	889.564
4.75	889.098
4.76	888.631
4.77	888.163
4.78	887.694
4.79	887.224
4.8	886.753
4.81	886.281
4.82	885.809
4.83	885.335
4.84	884.86
4.85	884.384
4.86	883.907
4.87	883.43
4.88	882.951
4.89	882.471
4.9	881.991
4.91	881.509
4.92	881.026
4.93	880.543
4.94	880.058
4.95	879.572
4.96	879.086
4.97	878.598
4.98	878.11
4.99	877.62
5	877.13
5.01	876.638
5.02	876.146
5.03	875.652
5.04	875.158
5.05	874.663
5.06	874.166
5.07	873.669
5.08	873.17
5.09	872.671
5.1	872.171
5.11	871.67
5.12	871.167
5.13	870.664
5.14	870.16
5.15	869.655
5.16	869.148
5.17	868.641
5.18	868.133
5.19	867.624
5.2	867.114
5.21	866.603
5.22	866.091
5.23	865.577
5.24	865.063
5.25	864.548
5.26	864.032
5.27	863.515
5.28	862.997
5.29	862.479
5.3	861.959
5.31	861.438
5.32	860.916
5.33	860.393
5.34	859.869
5.35	859.344
5.36	858.818
5.37	858.292
5.38	857.764
5.39	857.235
5.4	856.705
5.41	856.175
5.42	855.643
5.43	855.11
5.44	854.577
5.45	854.042
5.46	853.506
5.47	852.97
5.48	852.432
5.49	851.894
5.5	851.354
5.51	850.813
5.52	850.272
5.53	849.729
5.54	849.186
5.55	848.642
5.56	848.096
5.57	847.55
5.58	847.002
5.59	846.454
5.6	845.905
5.61	845.354
5.62	844.803
5.63	844.251
5.64	843.697
5.65	843.143
5.66	842.588
5.67	842.032
5.68	841.474
5.69	840.916
5.7	840.357
5.71	839.797
5.72	839.236
5.73	838.674
5.74	838.11
5.75	837.546
5.76	836.981
5.77	836.415
5.78	835.848
5.79	835.28
5.8	834.711
5.81	834.141
5.82	833.57
5.83	832.998
5.84	832.426
5.85	831.852
5.86	831.277
5.87	830.701
5.88	830.124
5.89	829.546
5.9	828.968
5.91	828.388
5.92	827.807
5.93	827.225
5.94	826.643
5.95	826.059
5.96	825.474
5.97	824.889
5.98	824.302
5.99	823.714
6	823.126
6.01	822.536
6.02	821.946
6.03	821.354
6.04	820.761
6.05	820.168
6.06	819.573
6.07	818.978
6.08	818.382
6.09	817.784
6.1	817.186
6.11	816.586
6.12	815.986
6.13	815.385
6.14	814.782
6.15	814.179
6.16	813.575
6.17	812.969
6.18	812.363
6.19	811.756
6.2	811.148
6.21	810.538
6.22	809.928
6.23	809.317
6.24	808.705
6.25	808.092
6.26	807.478
6.27	806.863
6.28	806.247
6.29	805.63
6.3	805.012
6.31	804.393
6.32	803.773
6.33	803.152
6.34	802.53
6.35	801.907
6.36	801.283
6.37	800.658
6.38	800.032
6.39	799.405
6.4	798.777
6.41	798.148
6.42	797.519
6.43	796.888
6.44	796.256
6.45	795.623
6.46	794.99
6.47	794.355
6.48	793.719
6.49	793.083
6.5	792.445
6.51	791.806
6.52	791.167
6.53	790.526
6.54	789.885
6.55	789.242
6.56	788.598
6.57	787.954
6.58	787.308
6.59	786.662
6.6	786.014
6.61	785.366
6.62	784.717
6.63	784.066
6.64	783.415
6.65	782.762
6.66	782.109
6.67	781.455
6.68	780.799
6.69	780.143
6.7	779.486
6.71	778.828
6.72	778.168
6.73	777.508
6.74	776.847
6.75	776.185
6.76	775.522
6.77	774.858
6.78	774.192
6.79	773.526
6.8	772.859
6.81	772.191
6.82	771.522
6.83	770.852
6.84	770.181
6.85	769.509
6.86	768.836
6.87	768.162
6.88	767.487
6.89	766.811
6.9	766.135
6.91	765.457
6.92	764.778
6.93	764.098
6.94	763.417
6.95	762.735
6.96	762.053
6.97	761.369
6.98	760.684
6.99	759.998
7	759.312
7.01	758.624
7.02	757.935
7.03	757.246
7.04	756.555
7.05	755.863
7.06	755.171
7.07	754.477
7.08	753.783
7.09	753.087
7.1	752.391
7.11	751.693
7.12	750.995
7.13	750.295
7.14	749.595
7.15	748.893
7.16	748.191
7.17	747.488
7.18	746.783
7.19	746.078
7.2	745.372
7.21	744.664
7.22	743.956
7.23	743.247
7.24	742.537
7.25	741.825
7.26	741.113
7.27	740.4
7.28	739.686
7.29	738.971
7.3	738.254
7.31	737.537
7.32	736.819
7.33	736.1
7.34	735.38
7.35	734.659
7.36	733.937
7.37	733.214
7.38	732.49
7.39	731.765
7.4	731.039
7.41	730.312
7.42	729.584
7.43	728.856
7.44	728.126
7.45	727.395
7.46	726.663
7.47	725.93
7.48	725.196
7.49	724.462
7.5	723.726
7.51	722.989
7.52	722.251
7.53	721.513
7.54	720.773
7.55	720.032
7.56	719.291
7.57	718.548
7.58	717.805
7.59	717.06
7.6	716.314
7.61	715.568
7.62	714.82
7.63	714.072
7.64	713.322
7.65	712.572
7.66	711.82
7.67	711.068
7.68	710.315
7.69	709.56
7.7	708.805
7.71	708.049
7.72	707.291
7.73	706.533
7.74	705.774
7.75	705.013
7.76	704.252
7.77	703.49
7.78	702.727
7.79	701.962
7.8	701.197
7.81	700.431
7.82	699.664
7.83	698.896
7.84	698.127
7.85	697.357
7.86	696.586
7.87	695.813
7.88	695.04
7.89	694.266
7.9	693.491
7.91	692.715
7.92	691.939
7.93	691.161
7.94	690.382
7.95	689.602
7.96	688.821
7.97	688.039
7.98	687.256
7.99	686.472
8	685.688
8.01	684.902
8.02	684.115
8.03	683.327
8.04	682.539
8.05	681.749
8.06	680.958
8.07	680.167
8.08	679.374
8.09	678.58
8.1	677.786
8.11	676.99
8.12	676.193
8.13	675.396
8.14	674.597
8.15	673.798
8.16	672.997
8.17	672.196
8.18	671.393
8.19	670.59
8.2	669.786
8.21	668.98
8.22	668.174
8.23	667.366
8.24	666.558
8.25	665.749
8.26	664.938
8.27	664.127
8.28	663.315
8.29	662.502
8.3	661.687
8.31	660.872
8.32	660.056
8.33	659.239
8.34	658.421
8.35	657.602
8.36	656.781
8.37	655.96
8.38	655.138
8.39	654.315
8.4	653.491
8.41	652.666
8.42	651.84
8.43	651.013
8.44	650.185
8.45	649.356
8.46	648.526
8.47	647.695
8.48	646.864
8.49	646.031
8.5	645.197
8.51	644.362
8.52	643.526
8.53	642.689
8.54	641.852
8.55	641.013
8.56	640.173
8.57	639.332
8.58	638.491
8.59	637.648
8.6	636.804
8.61	635.96
8.62	635.114
8.63	634.268
8.64	633.42
8.65	632.571
8.66	631.722
8.67	630.871
8.68	630.02
8.69	629.167
8.7	628.314
8.71	627.459
8.72	626.604
8.73	625.748
8.74	624.89
8.75	624.032
8.76	623.172
8.77	622.312
8.78	621.451
8.79	620.588
8.8	619.725
8.81	618.861
8.82	617.996
8.83	617.129
8.84	616.262
8.85	615.394
8.86	614.525
8.87	613.655
8.88	612.784
8.89	611.911
8.9	611.038
8.91	610.164
8.92	609.289
8.93	608.413
8.94	607.536
8.95	606.658
8.96	605.779
8.97	604.899
8.98	604.018
8.99	603.136
9	602.254
9.01	601.37
9.02	600.485
9.03	599.599
9.04	598.712
9.05	597.824
9.06	596.936
9.07	596.046
9.08	595.155
9.09	594.263
9.1	593.371
9.11	592.477
9.12	591.582
9.13	590.687
9.14	589.79
9.15	588.892
9.16	587.994
9.17	587.094
9.18	586.194
9.19	585.292
9.2	584.39
9.21	583.486
9.22	582.582
9.23	581.676
9.24	580.77
9.25	579.862
9.26	578.954
9.27	578.044
9.28	577.134
9.29	576.223
9.3	575.31
9.31	574.397
9.32	573.483
9.33	572.568
9.34	571.651
9.35	570.734
9.36	569.816
9.37	568.897
9.38	567.976
9.39	567.055
9.4	566.133
9.41	565.21
9.42	564.286
9.43	563.361
9.44	562.435
9.45	561.508
9.46	560.58
9.47	559.651
9.48	558.721
9.49	557.79
9.5	556.858
9.51	555.925
9.52	554.991
9.53	554.056
9.54	553.12
9.55	552.183
9.56	551.245
9.57	550.307
9.58	549.367
9.59	548.426
9.6	547.484
9.61	546.542
9.62	545.598
9.63	544.653
9.64	543.707
9.65	542.761
9.66	541.813
9.67	540.865
9.68	539.915
9.69	538.964
9.7	538.013
9.71	537.06
9.72	536.107
9.73	535.152
9.74	534.197
9.75	533.24
9.76	532.283
9.77	531.324
9.78	530.365
9.79	529.404
9.8	528.443
9.81	527.481
9.82	526.517
9.83	525.553
9.84	524.588
9.85	523.621
9.86	522.654
9.87	521.686
9.88	520.717
9.89	519.747
9.9	518.775
9.91	517.803
9.92	516.83
9.93	515.856
9.94	514.881
9.95	513.905
9.96	512.928
9.97	511.95
9.98	510.971
9.99	509.99
10	509.009
